,ZAA,ZAAJ,ZAAR,ZAEU,ZAS,ZAM,ZABRI,ZABR,ZAL,ZAPygar
0,,,,,,,,,,
1,,,,,,,,,,
2,,,,,,,,,,
3,,,,,,,,,,
4,,,,,,,,,,
5,,,,,,,,,,
6,,,,,,,,,,
7,,,,,,,,,,
8,,,,,,,,,,
9,,,,,,,,,,
10,,,,,,,,,,
11,,,,,,,,,,
12,,,,,,,,,,
13,,,,,,,,,,
14,,,,,,,,,,
15,,,,,,,,,,
16,,,,,,,,,,
17,,,,,,,,,,
18,,,,,,,,,,
19,,,,,,,,,,
20,,,,,,,,,,
21,,,,,,,,,,
22,,,,,,,,,,
23,,,,,,,,,,
24,,,,,,,,,,
25,,,,,,,,,,
26,,,,,,,,,,
27,,,,,,,,,,
28,,,,,,,,,,
29,,,,,,,,,,
30,,,,,,,,,,
31,,,,,,,,,,
32,,,,,,,,,,
33,,,1,,,,,,,
34,,,,,,,,,,
35,,,,,,,,,,
36,,,,,,,,,,
37,,,,,,,,,,
38,,,,,,,,,,
39,,,,,,,,,,
40,,,,,,,,,,
41,,,,,,,,,,
42,,,,,,,,,,
43,,,,,,,,,,
44,,,,,,,,,,
45,,,,,,,,,,
46,,,,,,,,,,
47,,,,,,,,,,
48,,,,,,,,,,
49,,,,,,,,,,
50,,,,,,,,,,
51,,,,,,,,,,
52,,,,,,,,,,
53,,,,,,,,,,
54,,,,,,,,,,
55,,,,,,,,,,
56,,,,,,,,,,
57,,,,,,,,,,
58,,,,,,,,,,
59,,,,,,,,,,
60,,,,,,,,,,
61,,,,,,,,,,
62,,,,,,,,,,
63,,,,,,,,,,
64,,,,,,,,,,
65,,,,,,1,,,,
66,,,,,,,,,,
67,,,,,,1,,,,
68,,,,,,,,,,
69,,,,,,,,,,
70,,,,,,,,,,
71,,,,,,,,,,
72,,,,,,,,,,
73,,,,,,,,,,
74,,,,,,,,,,
75,,,,,,,,,,
76,,,,,,,,,,
77,,,,,,,,,,
78,,,,,,,,,,
79,,,,,,,,,,
80,,,,,,,,,,
81,,,1,,,,,,,
82,,,,,,,,,,
83,,,,,,,,,,
84,,,,,,,,,,
85,,,,,,,,,,
86,,,,,,,,,,
87,,,,,,,,,,
88,,,,,,,,,,
89,,,,,,,,,,
90,,,,,,,,,,
91,,,,,,,,,,
92,,,,,,,,,,
93,,,,,,,,,,
94,,,,,,,,,,
95,,,,,,,,,,
96,,,,,,,,,,
97,,,,,,,,,,
98,,,,,,,,,,
99,,,,,,,,,,
100,,,,,,,,,,
101,,,,,,,,,,
102,,,,,,,,,,
103,,,,,,,,,,
104,,,,,,,,,,
105,,,,,,,,,,
106,,,,,,,,,,
107,,,,,,,,,,
108,,,,,,,,,,
109,,,,,,,,,,
110,,,,,,,,,,
111,,,,,,,,,,
112,,,,,,,,,,
113,,,,,,,,,,
114,,,,,,,,,,
115,,,,,,,,,,
116,,,,,,,,,,
117,,,,,,,,,,
118,,,,,,,,,,
119,,,,,,,,,,
120,,,,,,,,,,
121,,,,,,,,,,
122,,,,,,,,,,
123,,,,,,,,,,
124,,,,,,,,,,
125,,,,,,,,,,
126,,,,,,1,,,,
127,,,1,,,,,,,
128,,,,,,,,,,
129,,,,,,,,,1,
130,,,,,,,,,1,
131,,,,,,,,,,
132,,,,,,,,,,
133,,,,,,,,,,
134,,,,,,,,,,
135,,,,,,,,,,
136,,,,,,,,,,
137,,,,,,,,,,
138,,,,,,,,,,
139,,,,,,,,,,
140,,,,,,,,,,
141,,,,,,,,,,
142,,,,,,,,,,
143,,,,,,,,,,
144,,,,,,,,,,
145,,,,,,,,,,
146,,,,,,,,,,
147,,,,,,,,,,
148,,,,,,,,,,
149,,,,,,,,,,
150,,,,,,,,,,
151,,,,,,,,,,
152,,,,,,,,,,
153,,,,,,,,,,
154,,,,,,,,,,
155,,,,,,,,,,
156,,,,,,,,,,
157,,,,,,,,,,
158,,,,,,,,,,
159,,,,,,,,,,
160,,,,,,,,,,
161,,,,,,,,,,
162,,,,,,,,,,
163,,,,,,,,,,
164,,,,,,,,,,
165,,,,,,,,,,
166,,,,,,,,,,
167,,,,,,,,,,
168,,,,,,,,,,
169,,,,,,,,,,
170,,,,,,,,,,
171,,,,,,,,,,
172,,,,,,,,,,
173,,,,,,,,,,
174,,,,,,,,,,
175,,,,,,,,,,
176,,,,,,,,,,
177,,,,,,,,,,
178,,,,,,,,,,
179,,,,,,,,,,
180,,,,,,,,,,
181,,,,,,,,,,
182,,,,,,,,,,
183,,,,,,,,,,
184,,,,,,,,,,
185,,,,,,,,,,
186,,,,,,,,,,
187,,,,,,,,,,
188,,,,,,,,,,
189,,,,,,,,,,
190,,,,,,,,,,
191,,,,,,,,,,
192,,,,,,,,,,
193,,,,,,,,,,
194,,,,,,,,,,
195,,,,,,,,,,
196,,,,,,,,,,
197,,,,,,,,,,
198,,,,,,,,,,
199,,,,,,,,,,
200,,,,,,,,,,
201,,,,,,,,,,
202,,,,,,,,,,
203,,,,,,,,,,
204,,,,,,,,,,
205,,,,,,,,,,
206,,,,,,,,,,
207,,,,,,,,,,
208,,,,,,,,,,
209,,,,,,,,,,
210,,,,,,,,,,
211,,,,,,,,,,
212,,,,,,,,,,
213,,,,,,,,,,
214,,,,,,,,,,
215,,,,,,,,,,
216,,,,,,,,,,
217,,,,,,,,,,
218,,,,,,,,,,
219,,,,,,,,,,
220,,,,,,,,,,
221,,,,,,,,,,
222,,,,,,,,,,
223,,,,,,,,,,
224,,,,,,,,,,
225,,,,,,,,,,
226,,,,,,,,,,
227,,,,,,,,,,
228,,,,,,,,,,
229,,,,,,,,,,
230,,,,,,,,,,
231,,,,,,,,,,
232,,,,,,,,,,
233,,,,,,,,,,
234,,,,,,,,,,
235,,,,,,,,,,
236,,,,,,,,,,
237,,,,,,,,,,
238,,,,,,,,,,
239,,,,,,,,,,
240,,,,,,,,,,
241,,,,,,,,,,
242,,,,,,,,,,
243,,,,,,,,,,
244,,,,,,,,,,
245,,,,,,,,,,
246,,,,,,,,,,
247,,,,,,,,,,
248,,,,,,,,,,
249,,,,,,,,,,
250,,,,,,,,,,
251,,,,,,,,,,
252,,,,,,,,,,
253,,,,,,,,,,
254,,,,,,,,,,
255,,,,,,,,,,
256,,,,,,,,,,
257,,,,,,,,,,
258,,,,,,,,,,
259,,,,,,,,,,
260,,,,,,,,,,
261,,,,,,,,,,
262,,,,,,,,,,
263,,,,,,,,,,
264,,,,,,,,,,
265,,,,,,,,,,
266,,,,,,,,,,
267,,,,,,,,,,
268,,,,,,,,,,
269,,,,,,,,,,
270,,,,,,,,,,
271,,,,,,,,,,
272,,,,,,,,,,
273,,,,,,,,,,
274,,,,,,,,,,
275,,,,,,,,,,
276,,,,,,1,,,,
277,,,,,,,,,,
278,,,,,,,,,,
279,,,,,,,,,,
280,,,,,,,,,,
281,,,,,,,,,,
282,,,,,,,,,,
283,,,,,,,,,,
284,,,,,,,,,,
285,,,,,,,,,,
286,,,,,,,,,,
287,,,,,,,,,,
288,,,,,,,,,,
289,,,,,,,,,,
290,,,,,,,,,,
291,,,,,,,,,,
292,,,,,,,,,,
293,,,,,,,,,,
294,,,,,,,,,,
295,,,,,,,,,,
296,,,,,,,,,,
297,,,,,,,,,,
298,,,,,,,,,,
299,,,,,,,,,,
300,,,,,,,,,,
301,,,,,,,,,,
302,,,,,,,,,,
303,,,,,,,,,,
304,,,,,,,,,,
305,,,,,,,,,,
306,,,,,,,,,,
307,,,,,,,,,,
308,,,,,,,,,,
309,,,,,,,,,,
310,,,,,,,,,,
311,,,,,,,,,,
312,,,,,,,,,,
313,,,,,,,,,,
314,,,,,,,,,,
315,,,,,,,,,,
316,,,,,,,,,,
317,,,,,,,,,,
318,,,,,,,,,,
319,,,,,,,,,,
320,,,,,,,,,,
321,,,,,,,,,,
322,,,,,,,,,,
323,,,,,,,,,,
324,,,,,,,,,,
325,,,,,,,,,,
326,,,,,,,,,,
327,,,,,,,,,,
328,,,,,,,,,,
329,,,,,,,,,,
330,,,,,,,,,,
331,,,,,,,,,,
332,,,,,,,,,,
333,,,,,,,,,,
334,,,,,,,,,,
335,,,,,,,,,,
336,,,,,,,,,,
337,,,,,,,,,,
338,,,,,,,,,,
339,,,,,,,,,,
340,,,,,,,,,,
341,,,,,,,,,,
342,,,,,,,,,,
343,,,,,,,,,,
344,,,,,,,,,,
345,,,,,,,,,,
346,,,,,,,,,,
347,,,,,,,,,,
348,,,,,,,,,,
349,,,,,,,,,,
350,,,,,,,,,,
351,,,,,,,,,,
352,,,,,,,,,,
353,,,,,,,,,,
354,,,,,,,,,,
355,,,,,,,,,,
356,,,,,,,,,,
357,,,,,,,,,,
358,,,,,,,,,,
359,,,,,,,,,,
360,,,,,,,,,,
361,,,,,,,,,,
362,,,,,,,,,,
363,,,,,,,,,,
364,,,,,,,,,,
365,,,,,,,,,,
366,,,,,,,,,,
367,,,,,,,,,,
368,,,,,,,,,,
369,,,,,,,,,,
370,,,,,,,,,,
371,,,,,,,,,,
372,,,,,,,,,,
373,,,,,,,,,,
374,,,,,,,,,,
375,,,,,,,,,,
376,,,,,,,,,,
377,,,,,,,,,,
378,,,,,,,,,,
379,,,,,,,,,,
380,,,,,,,,,,
381,,,,,,,,,,
382,,,,,,,,,,
383,,,,,,,,,,
384,,,,,,,,,,
385,,,,,,,,,,
386,,,,,,,,,,
387,,,,,,,,,,
388,,,,,,,,,,
389,,,,,,,,,,
390,,,,,,,,,,
391,,,,,,,,,,
392,,,,,,,,,,
393,,,,,,,,,,
394,,,,,,,,,,
395,,,,,,,,,,
396,,,,,,,,,,
397,,,,,,,,,,
398,,,,,,,,,,
399,,,,,,,,,,
400,,,,,,,,,,
401,,,,,,,,,,
402,,,,,,,,,,
403,,,,,,,,,,
404,,,,,,,,,,
405,,,,,,,,,,
406,,,,,,,,,,
407,,,,,,,,,,
408,,,,,,,,,,
409,,,,,,1,,,,
410,,,,,,1,,,,
411,,,,,,1,,,,
412,,,,,,1,,,,
413,,,,,,1,,,,
414,,,,,,,,,,
415,,,,,,1,,,,
416,,,,,,,,,,
417,,,,,,,,,,
418,,,,,,,,,,
419,,,,,,,,,,
420,,,,,,,,,,
421,,,,,,,,,,
422,,,,,,,,,,
423,,,,,,,,,,
424,,,,,,,,,,
425,,,,,,,,,,
426,,,,,,,,,,
427,,,,,,,,,,
428,,,,,,,,,,
429,,,,,,,,,,
430,,,,,,,,,,
431,,,,,,,,,,
432,,,,,,,,,,
433,,,,,,,,,,
434,,,,,,,,,,
435,,,,,,,,,,
436,,,,,,,,,,
437,,,,,,,,,,
438,,,,,,,,,,
439,,,,,,,,,,
440,,,,,,,,,,
441,,,,,,,,,,
442,,,,,,,,,,
443,,,,,,,,,,
444,,,,,,,,,,
445,,,,,,,,,,
446,,,,,,,,,,
447,,,,,,,,,,
448,,,,,,,,,,
449,,,,,,,,,,
450,,,,,,,,,,
451,,,,,,,,,,
452,,,,,,,,,,
453,,,,,,,,,,
454,,,,,,,,,,
455,,,,,,,,,,
456,,,,,,,,,,
457,,,,,,,,,,
458,,,,,,,,,,
459,,,,,,,,,,
460,,,,,,,,,,
461,,,,,,,,,,
462,,,,,,,,,,
463,,,,,,,,,,
464,,,,,,,,,,
465,,,,,,,,,,
466,,,,,,,,,,
467,,,,,,,,,,
468,,,,,,,,,,
469,,,,,,,,,,
470,,,,,,,,,,
471,,,,,,,,,,
472,,,,,,,,,,
473,1,,,,,,,,,
474,1,,,,,,,,,
475,,,,,,,,,,
476,,,,,,,,,,
477,,,,,,,,,,
478,,,,,,,,,,
479,,,,,,,,,,
480,,,,,,,,,,
481,,,,,,,,,,
482,,,,,,,,,,
483,,,,,,,,,,
484,,,,,,,,,,
485,,,,,,,,,,
486,,,,,,,,,,
487,,,,,,,,,,
488,,,,,,,,,,
489,,,,,,,,,,
490,,,,,,,,,,
491,,,,,,,,,,
492,,,,,,,,,,
493,,,,,,,,,,
494,,,,,,,,,,
495,,,,,,,,,,
496,,,,,,,,,,
497,,,,,,,,,,
498,,,,,,,,,,
499,,,,,,,,,,
500,,,,,,,,,,
501,,,,,,,,,,
502,,,,,,,,,,
503,,,,,,,,,,
504,,,,,,,,,,
505,,,,,,,,,,
506,,,,,,,,,,
507,,,,,,,,,,
508,,,,,,,,,,
509,,,,,,,,,,
510,,,,,,,,,,
511,,,,,,,,,,
512,,,,,,,,,,
513,,,,,,,,,,
514,,,,,,,,,,
515,,,,,,,,,,
516,,,,,,,,,,
517,,,,,,,,,,
518,,,,,,,,,,
519,,,,,,,,,,
520,,,,,,,,,,
521,,,,,,,,,,
522,,,,,,,,,,
523,,,,,,,,,,
524,,,,,,,,,,
525,,,,,,,,,,
526,,,,,,,,,,
527,,,,,,,,,,
528,,,,,,,,,,
529,,,,,,,,,,
530,,,,,,,,,,
531,,,,,,,,,,
532,,,,,,,,,,
533,,,,,,,,,,
534,,,,,,,,,,
535,,,,,,,,,,
536,,,,,,,,,,
537,,,,,,,,,,
538,,,,,,,,,,
539,,,,,,,,,,
540,,,,,,,,,,
541,,,,,,,,,,
542,,,,,,,,,,
543,,,,,,,,,,
544,,,,,,,,,,
545,,,,,,,,,,
546,,,,,,,,,,
547,,,,,,,,,,
548,,,,,,,,,,
549,,,,,,,,,,
550,,,,,,,,,,
551,,,,,,,,,,
552,,,,,,,,,,
553,,,,,,,,,,
554,,,,,,,,,,
555,,,,,,,,,,
556,,,,,,,,,,
557,,,,,,,,,,
558,,,,,,,,,,
559,,,,,,,,,,
560,,,,,,,,,,
561,,,,,,,,,,
562,,,,,,,,,,
563,,,,,,,,,,
564,,,,,,,,,,
565,,,,,,,,,,
566,,,,,,,,,,
567,,,,,,,,,,
568,,,,,,,,,,
569,,,,,,,,,,
570,,,,,,,,,,
571,,,,,,,,,,
572,,,,,,,,,,
573,,,,,,,,,,
574,,,,,,,,,,
575,,,,,,,,,,
576,,,,,,,,,,
577,,,,,,,,,,
578,,,,,,,,,,
579,,,,,,,,,,
580,,,,,,,,,,
581,,,,,,,,,,
582,,,,,,,,,,
583,,,,,,,,,,
584,,,,,,,,,,
585,,,,,,,,,,
586,,,,,,,,,,
587,,,,,,,,,,
588,,,,,,,,,,
589,,,,,,,,,,
590,,,,,,,,,,
591,,,,,,,,,,
592,,,,,,,,,,
593,,,,,,,,,,
594,,,,,,,,,,
595,,,,,,,,,,
596,,,,,,,,,,
597,,,,,,,,,,
598,,,,,,,,,,
599,,,,,,,,,,
600,,,,,,,,,,
601,,,,,,,,,,
602,,,,,,,,,,
603,,,,,,,,,,
604,,,,,,,,,,
605,,,,,,,,,,
606,,,,,,,,,,
607,,,,,,,,,,
608,,,,,,,,,,
609,,,,,,,,,,
610,,,,,,,,,,
611,,,,,,,,,,
612,,,,,,,,,,
613,,,,,,,,,,
614,,,,,,,,,,
615,,,,,,,,,,
616,,,,,,,,,,
617,,,,,,,,,,
618,,,,,,,,,,
619,,,,,,,,,,
620,,,,,,,,,,
621,,,,,,,,,,
622,,,,,,,,,,
623,,,,,,,,,,
624,,,,,,,,,,
625,,,,,,,,,,
626,,,,,,,,,,
627,,,,,,,,,,
628,,,,,,,,,,
629,,,,,,,,,,
630,,,,,,,,,,
631,,,,,,,,,,
632,,,,,,,,,,
633,,,,,,,,,,
634,,,,,,,,,,
635,,,,,,,,,,
636,,,,,,,,,,
637,,,,,,,,,,
638,,,,,,,,,,
639,,,,,,,,,,
640,,,,,,,,,,
641,,,,,,,,,,
642,,,,,,,,,,
643,,,,,,,,,,
644,,,,,,,,,,
645,,,,,,,,,,
646,,,,,,,,,,
647,,,,,,,,,,
648,,,,,,,,,,
649,,,,,,,,,,
650,,,,,,,,,,
651,,,,,,,,,,
652,,,,,,,,,,
653,,,,,,,,,,
654,,,,,,,,,,
655,,,,,,,,,,
656,,,,,,,,,,
657,,,,,,,,,,
658,,,,,,,,,,
659,,,,,,,,,,
660,,,,,,,,,,
661,,,,,,,,,,
662,,,,,,,,,,
663,,,,,,,,,,
664,,,,,,,,,,
665,,,,,,,,,,
666,,,,,,,,,,
667,,,,,,,,,,
668,,,,,,,,,,
669,,,,,,,,,,
670,,,,,,,,,,
671,,,,,,,,,,
672,,,,,,,,,,
673,,,,,,,,,,
674,,,,,,,,,,
675,,,,,,,,,,
676,,,,,,,,,,
677,,,,,,,,,,
678,,,,,,,,,,
679,,,,,,,,,,
680,,,,,,,,,,
681,,,,,,,,,,
682,,,,,,,,,,
683,,,,,,,,,,
684,,,,,,,,,,
685,,,,,,,,,,
686,,,,,,,,,,
687,,,,,,,,,,
688,,,,,,,,,,
689,,,,,,,,,,
690,,,,,,,,,,
691,,,,,,,,,,
692,,,,,,,,,,
693,,,,,,,,,,
694,,,,,,,,,,
695,,,,,,,,,,
696,,,,,,,,,,
697,,,,,,,,,,
698,,,,,,,,,,
699,,,,,,,,,,
700,,,,,,,,,,
701,,,,,,,,,,
702,,,,,,,,,,
703,,,,,,,,,,
704,,,,,,,,,,
705,,,,,,,,,,
706,,,,,,,,,,
707,,,,,,,,,,
708,,,,,,,,,,
709,,,,,,,,,,
710,,,,,,,,,,
711,,,,,,,,,,
712,,,,,,,,,,
713,,,,,,,,,,
714,,,,,,,,,,
715,,,,,,,,,,
716,,,,,,,,,,
717,,,,,,,,,,
718,,,,,,,,,,
719,,,,,,,,,,
720,,,,,,,,,,
721,,,,,,,,,,
722,,,,,,,,,,
723,,,,,,,,,,
724,,,,,,,,,,
725,,,,,,,,,,
726,,,,,,,,,,
727,,,,,,,,,,
728,,,,,,,,,,
729,,,,,,,,,,
730,,,,,,,,,,
731,,,,,,,,,,
732,,,,,,,,,,
733,,,,,,,,,,
734,,,,,,,,,,
735,,,,,,,,,,
736,,,,,,,,,,
737,,,,,,,,,,
738,,,,,,,,,,
739,,,,,,,,,,
740,,,,,,,,,,
741,,,,,,,,,,
742,,,,,,,,,,
743,,,,,,,,,,
744,,,,,,,,,,
745,,,,,,,,,,
746,,,,,,,,,,
747,,,,,,,,,,
748,,,,,,,,,,
749,,,,,,,,,,
750,,,,,,,,,,
751,,,,,,,,,,
752,,,,,,,,,,
753,,,,,,,,,,
754,,,,,,,,,,
755,,,,,,,,,,
756,,,,,,,,,,
757,,,,,,,,,,
758,,,,,,,,,,
759,,,,,,,,,,
760,,,,,,,,,,
761,,,,,,,,,,
762,,,,,,,,,,
763,,,,,,,,,,
764,,,,,,,,,,
765,,,,,,,,,,
766,,,,,,,,,,
767,,,,,,,,,,
768,,,,,,,,,,
769,,,,,,,,,,
770,,,,,,,,,,
771,,,,,,,,,,
772,,,,,,,,,,
773,,,,,,,,,,
774,,,,,,,,,,
775,,,,,,,,,,
776,,,,,,,,,,
777,,,,,,,,,,
778,,,,,,,,,,
779,,,,,,,,,,
780,,,,,,,,,,
781,,,,,,,,,,
782,,,,,,,,,,
783,,,,,,,,,,
784,,,,,,,,,,
785,,,,,,,,,,
786,,,,,,,,,,
787,,,,,,,,,,
788,,,,,,,,,,
789,,,,,,,,,,
790,,,,,,,,,,
791,,,,,,,,,,
792,,,,,,,,,,
793,,,,,,,,,,
794,,,,,,,,,,
795,,,,,,,,,,
796,,,,,,,,,,
797,,,,,,,,,,
798,,,,,,,,,,
799,,,,,,,,,,
800,,,,,,,,,,
801,,,,,,,,,,
802,,,,,,,,,,
803,,,,,,,,,,
804,,,,,,,,,,
805,,,,,,,,,,
806,,,,,,,,,,
807,,,,,,,,,,
808,,,,,,,,,,
809,,,,,,,,,,
810,,,,,,,,,,
811,,,,,,,,,,
812,,,,,,,,,,
813,,,,,,,,,,
814,,,,,,,,,,
815,,,,,,,,,,
816,,,,,,,,,,
817,,,,,,,,,,
818,,,,,,,,,,
819,,,,,,,,,,
820,,,,,,,,,,
821,,,,,,,,,,
822,,,,,,,,,,
823,,,,,,,,,,
824,,,,,,,,,,
825,,,,,,,,,,
826,,,,,,,,,,
827,,,,,,,,,,
828,,,,,,,,,,
829,,,,,,,,,,
830,,,,,,,,,,
831,,,,,,,,,,
832,,,,,,,,,,
833,,,,,,,,,,
834,,,,,,,,,,
835,,,,,,,,,,
836,,,,,,,,,,
837,,,,,,,,,,
838,,,,,,,,,,
839,,,,,,,,,,
840,,,,,,,,,,
841,,,,,,,,,,
842,,,,,,,,,,
843,,,,,,,,,,
844,,,,,,,,,,
845,,,,,,,,,,
846,,,,,,,,,,
847,,,,,,,,,,
848,,,,,,,,,,
849,,,,,,,,,,
850,,,,,,,,,,
851,,,,,,,,,,
852,,,,,,,,,,
853,,,,,,,,,,
854,,,,,,,,,,
855,,,,,,,,,,
856,,,,,,,,,,
857,,,,,,,,,,
858,,,,,,,,,,
859,,,,,,,,,,
860,,,,,,,,,,
861,,,,,,,,,,
862,,,,,,,,,,
863,,,,,,,,,,
864,,,,,,,,,,
865,,,,,,,,,,
866,,,,,,,,,,
867,,,,,,,,,,
868,,,,,,,,,,
869,,,,,,,,,,
870,,,,,,,,,,
871,,,,,,,,,,
872,,,,,,,,,,
873,,,,,,,,,,
874,,,,,,,,,,
875,,,,,,,,,,
876,,,,,,,,,,
877,,,,,,,,,,
878,,,,,,,,,,
879,,,,,,,,,,
880,,,,,,,,,,
881,,,,,,,,,,
882,,,,,,,,,,
883,,,,,,,,,,
884,,,,,,,,,,
885,,,,,,,,,,
886,,,,,,,,,,
887,,,,,,,,,,
888,,,,,,,,,,
889,,,,,,,,,,
890,,,,,,,,,,
891,,,,,,,,,,
892,,,,,,,,,,
893,,,,,,,,,,
894,,,,,,,,,,
895,,,,,,,,,,
896,,,,,,,,,,
897,,,,,,,,,,
898,,,,,,,,,,
899,,,,,,,,,,
900,,,,,,,,,,
901,,,,,,,,,,
902,,,,,,,,,,
903,,,,,,,,,,
904,,,,,,,,,,
905,,,,,,,,,,
906,,,,,,,,,,
907,,,,,,,,,,
908,,,,,,,,,,
909,,,,,,,,,,
910,,,,,,,,,,
911,,,,,,,,,,
912,,,,,,,,,,
913,,,,,,,,,,
914,,,,,,,,,,
915,,,,,,,,,,
916,,,,,,,,,,
917,,,,,,,,,,
918,,,,,,,,,,
919,,,,,,,,,,
920,,,,,,,,,,
921,,,,,,,,,,
922,,,,,,,,,,
923,,,,,,,,,,
924,,,,,,,,,,
925,,,,,,,,,,
926,,,,,,,,,,
927,,,,,,,,,,
928,,,,,,,,,,
929,,,,,,,,,,
930,,,,,,,,,,
931,,,,,,,,,,
932,,,,,,,,,,
933,,,,,,,,,,
934,,,,,,,,,,
935,,,,,,,,,,
936,,,,,,,,,,
937,,,,,,,,,,
938,,,,,,,,,,
939,,,,,,,,,,
940,,,,,,,,,,
941,,,,,,,,,,
942,,,,,,,,,,
943,,,,,,,,,,
944,,,,,,,,,,
945,,,,,,,,,,
946,,,,,,,,,,
947,,,,,,,,,,
948,,,,,,,,,,
949,,,,,,,,,,
950,,,,,,,,,,
951,,,,,,,,,,
952,,,,,,,,,,
953,,,,,,,,,,
954,,,,,,,,,,
955,,,,,,,,,,
956,,,,,,,,,,
957,,,,,,,,,,
958,,,,,,,,,,
959,,,,,,,,,,
960,,,,,,,,,,
961,,,,,,,,,,
962,,,1,,,,,,,
963,,,1,,,,,,,
964,,,1,,,,,,,
965,,,1,,,,,,,
966,,,,,,,,,,
967,,,1,,,,,,,
968,,,,,,,,,,
969,,,,,,,,,,
970,,,,,,,,,,
971,,,,,,,,,,
972,,,,,,,,,,
973,,,,,,,,,,
974,,,,,,,,,,
975,,,,,,,,,,
976,,,,,,,,,,
977,,,,,,,,,,
978,,,,,,,,,,
979,,,,,,,,,,
980,,,,,,,,,,
981,,,,,,,,,,
982,,,,,,,,,,
983,,,,,,,,,,
984,,,,,,,,,,
985,,,,,,,,,,
986,,,,,,,,,,
987,,,,,,,,,,
988,,,,,,,,,,
989,,,,,,,,,,
990,,,,,,,,,,
991,,,,,,,,,,
992,,,,,,,,,,
993,,,,,,,,,,
994,,,,,,,,,,
995,,,,,,,,,,
996,,,,,,,,,,
997,,,,,,,,,,
998,,,,,,,,,,
999,,,,,,,,,,
1000,,,,,,,,,,
1001,,,,,,,,,,
1002,,,,,,,,,,
1003,,,,,,,,,,
1004,,,,,,,,,,
1005,,,,,,,,,,
1006,,,,,,,,,,
1007,,,,,,,,,,
1008,,,,,,,,,,
1009,,,,,,,,,,
1010,,,,,,,,,,
1011,,,,,,,,,,
1012,,,,,,,,,,
1013,,,,,,,,,,
1014,,,,,,,,,,
1015,,,,,,,,,,
1016,,,,,,,,,,
1017,,,,,,,,,,
1018,,,,,,,,,,
1019,,,,,,,,,,
1020,,,,,,,,,,
1021,,,,,,,,,,
1022,,,,,,,,,,
1023,,,,,,,,,,
1024,,,,,,,,,,
1025,,,,,,,,,,
1026,,,,,,,,,,
1027,,,,,,,,,,
1028,,,,,,,,,,
1029,,,,,,,,,,
1030,,,,,,,,,,
1031,,,,,,,,,,
1032,,,,,,,,,,
1033,,,,,,,,,,
1034,,,,,,,,,,
1035,,,,,,,,,,
1036,,,,,,,,,,
1037,,,,,,,,,,
1038,,,,,,,,,,
1039,,,,,,,,,,
1040,,,,,,,,,,
1041,,,,,,,,,,
1042,,,,,,,,,,
1043,,,,,,,,,,
1044,,,,,,,,,,
1045,,,,,,,,,,
1046,,,,,,,,,,
1047,,,,,,,,,,
1048,,,,,,,,,,
1049,,,,,,,,,,
1050,,,,,,,,,,
1051,,,,,,,,,,
1052,,,,,,,,,,
1053,,,,,,,,,,
1054,,,,,,,,,,
1055,,,,,,,,,,
1056,,,,,,,,,,
1057,,,,,,,,,,
1058,,,,,,,,,,
1059,,,,,,,,,,
1060,,,,,,,,,,
1061,,,,,,,,,,
1062,,,,,,,,,,
1063,,,,,,,,,,
1064,,,,,,,,,,
1065,,,,,,,,,,
1066,,,,,,,,,,
1067,,,,,,,,,,
1068,,,,,,,,,,
1069,,,,,,,,,,
1070,,,,,,,,,,
1071,,,,,,,,,,
1072,,,,,,,,,,
1073,,,,,,,,,,
1074,,,,,,,,,,
1075,,,,,,,,,,
1076,,,,,,,,,,
1077,,,,,,,,,,
1078,,,,,,,,,,
1079,,,,,,,,,,
1080,,,,,,,,,,
1081,,,,,,,,,,
1082,,,,,,,,,,
1083,,,,,,,,,,
1084,,,,,,,,,,
1085,,,,,,,,,,
1086,,,,,,,,,,
1087,,,,,,,,,,
1088,,,,,,,,,,
1089,,,,,,,,,,
1090,,,,,,,,,,
1091,,,,,,,,,,
1092,,,,,,,,,,
1093,,,,,,,,,,
1094,,,,,,,,,,
1095,,,,,,,,,,
1096,,,,,,,,,,
1097,,,,,,,,,,
1098,,,,,,,,,,
1099,,,,,,,,,,
1100,,,,,,,,,,
1101,,,,,,,,,,
1102,,,,,,,,,,
1103,,,,,,,,,,
1104,,,,,,,,,,
1105,,,,,,,,,,
1106,,,,,,,,,,
1107,,,,,,,,,,
1108,,,,,,,,,,
1109,,,,,,,,,,
1110,,,,,,,,,,
1111,,,,,,,,,,
1112,,,,,,,,,,
1113,,,,,,,,,,
1114,,,,,,,,,,
1115,,,,,,,,,,
1116,,,,,,,,,,
1117,,,,,,,,,,
1118,,,,,,,,,,
1119,,,,,,,,,,
1120,,,,,,,,,,
1121,,,,,,,,,,
1122,,,,,,,,,,
1123,,,,,,,,,,
1124,,,,,,,,,,
1125,,,,,,,,,,
1126,,,,,,,,,,
1127,,,,,,,,,,
1128,,,,,,,,,,
1129,,,,,,,,,,
1130,,,,,,,,,,
1131,,,,,,,,,,
1132,,,,,,,,,,
1133,,,,,,,,,,
1134,,,,,,,,,,
1135,,,,,,,,,,
1136,,,,,,,,,,
1137,,,,,,,,,,
1138,,,,,,,,,,
1139,,,,,,,,,,
1140,,,,,,,,,,
1141,,,,,,,,,,
1142,,,,,,,,,,
1143,,,,,,,,,,
1144,,,,,,,,,,
1145,,,,,,,,,,
1146,,,,,,,,,,
1147,,,,,,,,,,
1148,,,,,,,,,,
1149,,,,,,,,,,
1150,,,,,,,,,,
1151,,,,,,,,,,
1152,,,,,,,,,,
1153,,,,,,,,,,
1154,,,,,,,,,,
1155,,,,,,,,,,
1156,,,,,,,,,,
1157,,,,,,,,,,
1158,,,,,,,,,,
1159,,,,,,,,,,
1160,,,,,,,,,,
1161,,,,,,,,,,
1162,,,,,,,,,,
1163,,,,,,,,,,
1164,,,,,,,,,,
1165,,,,,,,,,,
1166,,,,,,,,,,
1167,,,,,,,,,,
1168,,,,,,,,,,
1169,,,,,,,,,,
1170,,,,,,,,,,
1171,,,,,,,,,,
1172,,,,,,,,,,
1173,,,,,,,,,,
1174,,,,,,,,,,
1175,,,,,,,,,,
1176,,,,,,,,,,
1177,,,,,,,,,,
1178,,,,,,,,,,
1179,,,,,,,,,,
1180,,,,,,,,,,
1181,,,,,,,,,,
1182,,,,,,,,,,
1183,,,,,,,,,,
1184,,,,,,,,,,
1185,,,,,,,,,,
1186,,,,,,,,,,
1187,,,,,,,,,,
1188,,,,,,,,,,
1189,,,,,,,,,,
1190,,,,,,,,,,
1191,,,,,,,,,,
1192,,,,,,,,,,
1193,,,,,,,,,,
1194,,,,,,,,,,
1195,,,,,,,,,,
1196,,,,,,,,,,
1197,,,,,,,,,,
1198,,,,,,,,,,
1199,,,,,,,,,,
1200,,,,,,,,,,
1201,,,,,,,,,,
1202,,,,,,,,,,
1203,,,,,,,,,,
1204,,,,,,,,,,
1205,,,,,,,,,,
1206,,,,,,,,,,
1207,,,,,,,,,,
1208,,,,,,,,,,
1209,,,,,,,,,,
1210,,,,,,,,,,
1211,,,,,,,,,,
1212,,,,,,,,,,
1213,,,,,,,,,,
1214,,,,,,,,,,
1215,,,,,,,,,,
1216,,,,,,,,,,
1217,,,,,,,,,,
1218,,,,,,,,,,
1219,,,,,,,,,,
1220,,,,,,,,,,
1221,,,,,,,,,,
1222,,,,,,,,,,
1223,,,,,,,,,,
1224,,,,,,,,,,
1225,,,,,,,,,,
1226,,,,,,,,,,
1227,,,,,,,,,,
1228,,,,,,,,,,
1229,,,,,,,,,,
1230,,,,,,,,,,
1231,,,,,,,,,,
1232,,,,,,,,,,
1233,,,,,,,,,,
1234,,,,,,,,,,
1235,,,,,,,,,,
1236,,,,,,,,,,
1237,,,,,,,,,,
1238,,,,,,,,,,
1239,,,,,,,,,,
1240,,,1,,,,,,,
1241,,,1,,,,,,,
1242,,,1,,,,,,,
1243,,,1,,,,,,,
1244,,,1,,,,,,,
1245,,,,,,,,,,
1246,,,,,,,,,,
1247,,,,,,,,,,
1248,,,,,,,,,,
1249,,,,,,,,,,
1250,,,,,,,,,,
1251,,,,,,,,,,
1252,,,,,,,,,,
1253,,,,,,,,,,
1254,,,,,,,,,,
1255,,,,,,,,,,
1256,,,,,,,,,,
1257,,,,,,,,,,
1258,,,,,,,,,,
1259,,,,,,,,,,
1260,,,,,,,,,,
1261,,,,,,,,,,
1262,,,,,,,,,,
1263,,,,,,,,,,
1264,,,,,,,,,,
1265,,,,,,,,,,
1266,,,,,,,,,,
1267,,,,,,,,,,
1268,,,,,,,,,,
1269,,,,,,,,,,
1270,,,,,,,,,,
1271,,,,,,,,,,
1272,,,,,,,,,,
1273,,,,,,,,,,
1274,,,,,,,,,,
1275,,,,,,,,,,
1276,,,,,,,,,,
1277,,,,,,,,,,
1278,,,,,,,,,,
1279,,,,,,,,,,
1280,,,,,,,,,,
1281,,,,,,,,,,
1282,,,,,,,,,,
1283,,,,,,,,,,
1284,,,,,,,,,,
1285,,,,,,,,,,
1286,,,,,,,,,,
1287,,,,,,,,,,
1288,,,,,,,,,,
1289,,,,,,,,,,
1290,,,,,,,,,,
1291,,,,,,,,,,
1292,,,,,,,,,,
1293,,,,,,,,,,
1294,,,,,,,,,,
1295,,,,,,,,,,
1296,,,,,,,,,,
1297,,,,,,,,,,
1298,,,,,,,,,,
1299,,,,,,,,,,
1300,,,,,,,,,,
1301,,,,,,,,,,
1302,,,,,,,,,,
1303,,,,,,,,,,
1304,,,,,,,,,,
1305,,,,,,,,,,
1306,,,,,,,,,,
1307,,,,,,,,,,
1308,,,,,,,,,,
1309,,,,,,,,,,
1310,,,,,,,,,,
1311,,,,,,,,,,
1312,,,,,,,,,,
1313,,,,,,,,,,
1314,,,,,,,,,,
1315,,,,,,,,,,
1316,,,,,,,,,,
1317,,,,,,,,,,
1318,,,,,,,,,,
1319,,,,,,,,,,
1320,,,,,,,,,,
1321,,,,,,,,,,
1322,,,,,,,,,,
1323,,,,,,,,,,
1324,,,,,,,,,,
1325,,,,,,,,,,
1326,,,,,,,,,,
1327,,,,,,,,,,
1328,,,,,,,,,,
1329,,,,,,,,,,
1330,,,,,,,,,,
1331,,,,,,,,,,
1332,,,,,,,,,,
1333,,,,,,,,,,
1334,,,,,,,,,,
1335,,,,,,,,,,
1336,,,,,,,,,,
1337,,,,,,,,,,
1338,,,,,,,,,,
1339,,,,,,,,,,
1340,,,,,,,,,,
1341,,,,,,,,,,
1342,,,,,,,,,,
1343,,,,,,,,,,
1344,,,,,,,,,,
1345,,,,,,,,,,
1346,,,,,,,,,,
1347,,,,,,,,,,
1348,,,,,,,,,,
1349,,,,,,,,,,
1350,,,,,,,,,,
1351,,,,,,,,,,
1352,,,,,,,,,,
1353,,,,,,,,,,
1354,,,,,,,,,,
1355,,,,,,,,,,
1356,,,,,,,,,,
1357,,,,,,,,,,
1358,,,,,,,,,,
1359,,,,,,,,,,
1360,,,,,,,,,,
1361,,,,,,,,,,
1362,,,,,,,,,,
1363,,,,,,,,,,
1364,,,,,,,,,,
1365,,,,,,,,,,
1366,,,,,,,,,,
1367,,,,,,,,,,
1368,,,,,,,,,,
1369,,,,,,,,,,
1370,,,,,,,,,,
1371,,,,,,,,,,
1372,,,,,,,,,,
1373,,,,,,,,,,
1374,,,,,,,,,,
1375,,,,,,,,,,
1376,,,,,,,,,,
1377,,,,,,,,,,
1378,,,,,,,,,,
1379,,,,,,,,,,
1380,,,,,,,,,,
1381,,,,,,,,,,
1382,,,,,,,,,,
1383,,,,,,,,,,
1384,,,,,,,,,,
1385,,,,,,,,,,
1386,,,,,,,,,,
1387,,,,,,,,,,
1388,,,,,,,,,,
1389,,,,,,,,,,
1390,,,,,,,,,,
1391,,,,,,,,,,
1392,,,,,,,,,,
1393,,,,,,,,,,
1394,,,,,,,,,,
1395,,,,,,,,,,
1396,,,,,,,,,,
1397,,,,,,,,,,
1398,,,,,,,,,,
1399,,,,,,1,,,,
1400,,,,,,1,,,,
1401,,,,,,1,,,,
1402,,,,,,1,,,,
1403,,,,,,1,,,,
1404,,,,,,1,,,,
1405,,,,,,1,,,,
1406,,,,,,1,,,,
1407,,,,,,1,,,,
1408,,,,,,1,,,,
1409,,,,,,,,,,
1410,,,1,,,,,,,
1411,,,,,,,,,,
1412,,,,,,,,,,
1413,,,,,,,,,,
1414,,,,,,,,,,
1415,,,,,,,,,,
1416,,,,,,,,,,
1417,,,,,,,,,,
1418,,,,,,,,,,
1419,,,,,,,,,,
1420,,,,,,,,,,
1421,,,,,,,,,,
1422,,,,,,,,,,
1423,,,,,,,,,,
1424,,,,,,,,,,
1425,,,,,,,,,,
1426,,,,,,,,,,
1427,,,,,,,,,,
1428,,,,,,,,,,
1429,,,,,,,,,,
1430,,,,,,,,,,
1431,,,,,,,,,,
1432,,,,,,,,,,
1433,,,,,,,,,,
1434,,,,,,,,,,
1435,,,,,,,,,,
1436,,,,,,1,,,,
1437,1,,,,,,,,,
1438,1,,,,,,,,,
1439,1,,,,,,,,,
1440,,,,,,,,,,
1441,,,,,,,,,,
1442,,,,,,,,,,
1443,,,,,,,,,,
1444,,,,,,,,,,
1445,,,,,,,,,,
1446,,,,,,,,,,
1447,,,,,,,,,,
1448,,,,,,,,,,
1449,,,,,,,,,,
1450,,,,,,,,,,
1451,,,,,,,,,1,
1452,,,,,,,,,,
1453,,,,,,,,,,
1454,,,,,,,,,,
1455,,,,,,,,,,
1456,,,,,,1,,,,
1457,,,,,,,,,,
1458,,,,,,,,,,
1459,,,,,,,,,,
1460,,,,,,,,,,
1461,,,,,,,,,,
1462,,,,,,,,,,
1463,,,,,,,,,,
1464,,,,,,,,,,
1465,,,,,,1,,,,
1466,,,,,,,,,,
1467,,,,,,,,,,
1468,,,,,,,,,,
1469,,,,,,,,,,
1470,,,,,,,,,,
1471,,,,,,,,,,
1472,,,,,,,,,,
1473,,,,,,,,,,
1474,,,,,,,,,,
1475,,,,,,,,,,
1476,,,,,,,,,,
1477,,,,,,,,,,
1478,,,,,,,,,,
1479,,,,,,,,,,
1480,,,,,,,,,,
1481,,,,,,,,,,
1482,1,,,,,,,,,
1483,,,,,,,,,,
1484,,,,,,,,,,
1485,,,,,,,,,,
1486,,,,,,,,,,
1487,,,,,,,,,,
1488,,,,,,,,,,
1489,,,,,,,,,,
1490,,,,,,,,,,
1491,,,,,,,,,,
1492,,,,,,,,,,
1493,,,,,,,,,,
1494,,,1,,,,,,,
1495,,,,,,,,,,
1496,,,,,,,,,,
1497,,,,,,,,,,
1498,,,,,,,,,,
1499,,,1,,,,,,,
1500,,,1,,,,,,,
1501,,,,,,,,,,
1502,,,,,,,,,,
1503,,,,,,,,,,
1504,,,,,,,,,,
1505,,,,,,,,,,
1506,,,,,,,,,,
1507,,,,,,,,,,
1508,,,,,,,,,,
1509,,,,,,,,,,
1510,,,,,,,,,,
1511,,,,,,,,,,
1512,,,,,,,,,,
1513,,,,,,,,,,
1514,,,,,,,,,,
1515,,,,,,,,,,
1516,,,,,,,,,,
1517,,,,,,,,,,
1518,,,,,,,,,,
1519,,,,,,,,,,
1520,,,,,,,,,,
1521,,,,,,,,,,
1522,,,,,,,,,,
1523,,,,,,,,,,
1524,,,,,,,,,,
1525,,,,,,,,,,
1526,,,,,,,,,,
1527,,,,,,,,,,
1528,,,,,,,,,,
1529,,,,,,,,,,
1530,,,,,,,,,,
1531,,,,,,,,,,
1532,,,,,,,,,,
1533,,,,,,,,,,
1534,,,,,,,,,,
1535,,,,,,,,,,
1536,,,,,,,,,,
1537,,,,,,,,,,
1538,,,,,,,,,,
1539,,,,,,,,,,
1540,,,,,,,,,,
1541,,,,,,,,,,
1542,,,,,,,,,,
1543,,,,,,,,,,
1544,,,,,,,,,,
1545,,,,,,,,,,
1546,,,,,,,,,,
1547,,,,,,,,,,
1548,,,,,,1,,,,
1549,,,,,1,,,,,
1550,,,,,,,,,,
1551,,,,,1,,,,,
1552,,,,,1,,,,,
1553,,,,,,,,,,
1554,,,,,1,,,,,
1555,,,,,1,,,,,
1556,,,,,1,,,,,
1557,,,,,1,,,,,
1558,,,,,1,,,,,
1559,,,,,,,,,,
1560,,,,,,,,,,
1561,,,,,,,,,,
1562,,,,,,,,,,
1563,,,,,,,,,,
1564,,,,,,,,,,
1565,,,,,,,,,,
1566,,,,,,,,,,
1567,,,,,,,,,,
1568,,,,,,,,,,
1569,,,,,,,,,,
1570,,,,,,,,,,
1571,,,,,,,,,,
1572,,,,,,,,,,
1573,,,,,,,,,,
1574,,,,,,,,,,
1575,,,,,,,,,,
1576,,,,,,,,,,
1577,,,,,,,,,,
1578,,,,,,,,,,
1579,,,,,,,,,,
1580,,,,,,,,,,
1581,,,,,,,,,,
1582,,,,,,,,,,
1583,,,,,,,,,,
1584,,,,,,,,,,
1585,,,,,,,,,,
1586,,,,,,,,,,
1587,,,,,,,,,,
1588,,,,,,,,,,
1589,,,,,,,,,,
1590,,,,,,,,,,
1591,,,,,,,,,,
1592,,,,,,,,,,
1593,,,,,,,,,,
1594,,,,,,,,,,
1595,,,,,,,,,,
1596,,,,,,,,,,
1597,,,,,,,,,,
1598,,,,,,,,,,
1599,,,,,,,,,,
1600,,,,,,,,,,
1601,,,,,,,,,,
1602,,,,,,,,,,
1603,,,,,,,,,,
1604,,,,,,,,,,
1605,,,,,,,,,,
1606,,,,,,,,,,
1607,,,,,,,,,,
1608,,,,,,,,,,
1609,,,,,,,,,,
1610,,,,,,,,,,
1611,,,,,,,,,,
1612,,,,,,,,,,
1613,,,,,,,,,,
1614,,,,,,,,,,
1615,,,,,,,,,,
1616,,,,,,,1,1,,
1617,,,,,,,,,,
1618,,,,,,,,,,
1619,,,,,,,,,,
1620,,,,,,,,,,
1621,,,,,,,,,,
1622,,,,,,,,,,
1623,,,,,,,,,,
1624,,,,,,,,,,
1625,,,,,,,,,,
1626,,,,,,,,,,
1627,,,,,,,,,,
1628,,,,,,,,,,
1629,,,,,,,,,,
1630,,,,,,,,,,
1631,,,,,,,,,,
1632,,,,,,,,,,
1633,,,,,,,,,,
1634,,,,,,,,,,
1635,,,,,,,,,,
1636,,,,,,,,,,
1637,,,,,,,,,,
1638,,,,,,,,,,
1639,,,,,,,,,,
1640,,,,,,,,,,
1641,,,,,,,,,,
1642,,,,,,,,,,
1643,,,,,,,,,,
1644,,,,,,,,,,
1645,,,,,,,,,,
1646,,,,,,,,,,
1647,,,,,,,,,,
1648,,,,,,,,,,
1649,,,,,,,,,,
1650,,,,,,,,,,
1651,,,,,,,,,,
1652,,,,,,,,,,
1653,,,,,,,,,,
1654,,,,,,,,,,
1655,,,,,,,,,,
1656,1,,,,,,,,,
1657,,,,,,,,,,
1658,,,,,,,,,,
1659,,,,,,,,,,
1660,,,1,,,,,,,
1661,,,,,,,,,,
1662,,,,,,,,,,
1663,,,1,,,,,,,
1664,,,,,,,,,,
1665,,,,,,,,,,
1666,1,,,,,,,,,
1667,,,,,,,,,,
1668,,,,,,,,,,
1669,,,,,,,,,,
1670,,,1,,,,,,,
1671,,,,,,,,,,
1672,,,,,,,,,,
1673,,,,,,,,,,
1674,,,,,,,,,,
1675,,,,,,,,,,
1676,,,,,,,,,,
1677,,,,,1,,,,,
1678,,,,,1,,,,,
1679,,,,,1,,,,,
1680,,,,,1,,,,,
1681,,,,,1,,,,,
1682,,,,,1,,,,,
1683,,,,,1,,,,,
1684,,,,,1,,,,,
1685,,,,,1,,,,,
1686,,,,,1,,,,,
1687,,,,,1,,,,,
1688,,,,,1,,,,,
1689,,,,,1,,,,,
1690,,,,,1,,,,,
1691,,,,,1,,,,,
1692,,,,,1,,,,,
1693,,,,,1,,,,,
1694,,,,,1,,,,,
1695,,,,,1,,,,,
1696,,,,,1,,,,,
1697,,,,,1,,,,,
1698,,,,,1,,,,,
1699,,,,,1,,,,,
1700,,,,,1,,,,,
1701,,,,,1,,,,,
1702,,,,,1,,,,,
1703,,,,,1,,,,,
1704,,,,,1,,,,,
1705,,,,,1,,,,,
1706,,,,,1,,,,,
1707,,,,,,,,,,
1708,,,,,1,,,,,
1709,,,,,1,,,,,
1710,,,,,1,,,,,
1711,,,,,1,,,,,
1712,,,,,1,,,,,
1713,,,,,1,,,,,
1714,,,,,1,,,,,
1715,,,,,1,,,,,
1716,,,,,1,,,,,
1717,,,,,1,,,,,
1718,,,,,1,,,,,
1719,,,,,1,,,,,
1720,,,,,1,,,,,
1721,,,,,1,,,,,
1722,,,,,1,,,,,
1723,,,,,1,,,,,
1724,,,,,1,,,,,
1725,,,,,1,,,,,
1726,,,,,1,,,,,
1727,,,,,,,,,1,
1728,,,,,,,,,,
1729,,,,,1,,,,,
1730,,,,,1,,,,,
1731,,,,,1,,,,,
1732,,,,,1,,,,,
1733,,,,,1,,,,,
1734,,,,,1,,,,,
1735,,,,,1,,,,,
1736,,,,,1,,,,,
1737,,,,,1,,,,,
1738,,,,,1,,,,,
1739,,,,,1,,,,,
1740,,,,,1,,,,,
1741,,,,,1,,,,,
1742,,,,,1,,,,,
1743,,,,,1,,,,,
1744,,,,,1,,,,,
1745,,,,,1,,,,,
1746,,,,,1,,,,,
1747,,,,,1,,,,,
1748,,,,,1,,,,,
1749,,,,,1,,,,,
1750,,,,,1,,,,,
1751,,,,,1,,,,,
1752,,,,,1,,,,,
1753,,,,,1,,,,,
1754,,,,,1,,,,,
1755,,,,,1,,,,,
1756,,,,,1,,,,,
1757,,,,,1,,,,,
1758,,,,,1,,,,,
1759,,,,,1,,,,,
1760,,,,,1,,,,,
1761,,,,,1,,,,,
1762,,,,,1,,,,,
1763,,,,,1,,,,,
1764,,,,,1,,,,,
1765,,,,,1,,,,,
1766,,,,,1,,,,,
1767,,,,,1,,,,,
1768,,,,,1,,,,,
1769,,,,,1,,,,,
1770,,,,,1,,,,,
1771,,,,,1,,,,,
1772,,,,,1,,,,,
1773,,,,,1,,,,,
1774,,,,,1,,,,,
1775,,,,,1,,,,,
1776,,,,,1,,,,,
1777,,,,,1,,,,,
1778,,,,,1,,,,,
1779,,,,,1,,,,,
1780,,,,,1,,,,,
1781,,,,,1,,,,,
1782,,,,,1,,,,,
1783,,,,,,,,,,
1784,,,,,1,,,,,
1785,,,,,,,,,,
1786,,,,,,,,,,
1787,,,,,,,,,,
1788,,,,,,,,,,
1789,,,,,,,,,,
1790,,,,,,,,,,
1791,,,,,,,,,,
1792,,,,,,,,,,
1793,,,,,,,,,,
1794,,,,,,,,,,
1795,,,,,,,,,,
1796,,,,,,,,,,
1797,,,,,,,,,,
1798,,,,,,,,,,
1799,,,,,,,,,,
1800,,,,,,,,,,
1801,,,,,,,,,,
1802,,,,,,,,,,
1803,,,,,,,,,,
1804,,,,,,,,,,
1805,,,,,,,,,,
1806,,,,,,,,,,
1807,,,,,,,,,,
1808,,,,,,,,,,
1809,,,,,,,,,,
1810,,,,,,,,,,
1811,,,,,,,,,,
1812,,,,,,,,,,
1813,,,,,,,,,,
1814,,,,,,,,,,
1815,,,,,,,,,,
1816,,,,,,,,,,
1817,,,,,,,,,,
1818,,,,,,,,,,
1819,,,,,,,,,,
1820,,,,,,,,,,
1821,,,,,,,,,,
1822,,,,,,,,,,
1823,,,,,,,,,,
1824,,,,,,,,,,
1825,,,,,,,,,,
1826,,,,,,,,,,
1827,,,,,,,,,,
1828,,,,,,,,,,
1829,,,,,,,,,,
1830,,,,,,,,,,
1831,,,,,,,,,,
1832,,,,,,,,,,
1833,,,,,,,,,,
1834,,,,,,,,,,
1835,,,,,,,,,,
1836,,,,,,,,,,
1837,,,1,,,,,,,
1838,,,1,,,,,,,
1839,,,,,,,,,,
1840,,,,,,,,1,,
1841,,,,,,,,1,,
1842,,,,,,,,1,,
1843,,,,,,,,1,,
1844,,,,,,,,1,,
1845,,,,,,,,1,,
1846,,,,,,,,,,
1847,,,,,,,,,,
1848,,,,,,,,,,
1849,,,,,,,,1,,
1850,,,,,,,,1,,
1851,,,,,,,,1,,
1852,,,,,,,,1,,
1853,,,,,,,,1,,
1854,,,,,,,,1,,
1855,,,,,,,,1,,
1856,,,,,,,,1,,
1857,,,,,,,,1,,
1858,,,,,,,,1,,
1859,,,,,,,,1,,
1860,,,,,,,,1,,
1861,,,,,,,,1,,
1862,,,,,,,,1,,
1863,,,,,,,,1,,
1864,,,,,,,,1,,
1865,,,,,,,,1,,
1866,,,,,,,,1,,
1867,,,,,,,,1,,
1868,,,,,,,,1,,
1869,,,,,,,,1,,
1870,,,,,,,,,,
1871,,,,,,,,1,,
1872,,,,,,,,,,
1873,,,,,,,,,,
1874,,,,,,,,,,
1875,,,,,,,,1,,
1876,,,,,,,,,,
1877,,,,,,,,1,,
1878,,,1,,,,,,,
1879,,,1,,,,,,,
1880,,,1,,,,,,,
1881,,,1,,,,,,,
1882,,,1,,,,,,,
1883,,,1,,,,,,,
1884,,,1,,,,,,,
1885,,,1,,,,,,,
1886,,,1,,,,,,,
1887,,,1,,,,,,,
1888,,,1,,,,,,,
1889,,,1,,,,,,,
1890,,,1,,,,,,,
1891,,,,,,,,1,,
1892,,,,,,,,1,,
1893,,,,,,,,1,,
1894,,,,,,,,1,,
1895,,,,,,,,,,
1896,,,,,,,,1,,
1897,,,,,,,,,,
1898,,,,,,,,,,
1899,,,,,,,,1,,
1900,,,,,,,,1,,
1901,,,,,,,,1,,
1902,,,,,,,,1,,
1903,,,,,,,,1,,
1904,,,,,,,,,,
1905,,,,,,,,,,
1906,,,,,,,,,,
1907,,,,,,,,,,
1908,,,,,,,,,,
1909,,,,,,,,,,
1910,1,,,,,,,,,
1911,,,,,,,,,,
1912,,,,,,,,,,
1913,,,,,,,,,,
1914,,,,,,,,,,
1915,,,,,,,,,,
1916,,,,,,,,,,
1917,,,,,,,,,,
1918,,,,,,,,,,
1919,,,,,,,,,,
1920,,,,,,,,1,,
1921,,,,,,,,1,,
1922,,,,,,,,,,
1923,,,,,,,,,,
1924,,,,,,,,,,
1925,,,,,,,,1,,
1926,,,,,,,,,,
1927,,,,,,,,,,
1928,,,,,,,,,,
1929,,,,,,,,,,
1930,,,,,,,,,,
1931,,,,,,,,,,
1932,,,,,,,,,,
1933,1,,,,,,,,,
1934,1,,,,,,,,,
1935,,,,,,,,,,
1936,,,,,,,,,,
1937,,,,,,,,,,
1938,,,,,,,,,,
1939,,,,,,,,,,
1940,,,,,,,,,,
1941,,,,,,,,,,
1942,,,,,,,,1,,
1943,,,,,,,,,,
1944,,,,,,,,,,
1945,,,,,,,,,,
1946,,,,,,,,,,
1947,,,,,,,,,,
1948,,,,,,,,,,
1949,,,,,,,,,,
1950,,,,,,,,,,
1951,,,,,,,,,,
1952,,,,,,,,,,
1953,,,,,,,,,,
1954,,,,,,,,,,
1955,,,,,,,,,,
1956,,,,,,,,,,
1957,,,,,,,,,,
1958,,,,,,,,,,
1959,,,,,,,,,,
1960,,,,,,,,,,
1961,,,,,,,,,,
1962,,,,,,,,,,
1963,,,,,,,,,,
1964,,,,,,,,,,
1965,,,,,,,,,,
1966,,,,,,,,,,
1967,,,,,,,,,,
1968,,,,,,,,,,
1969,,,,,,,,,,
1970,,,,,,,,,,
1971,,,,,,,,,,
1972,,,,,,,,,,
1973,,,,,,,,,,
1974,,,,,,,,,,
1975,,,,,,,,,,
1976,,,,,,,,,,
1977,,,,,,,,,,
1978,,,,,,,,,,
1979,,,,,,,,,,
1980,,,,,,,,,,
1981,,,,,,,,1,,
1982,,,,,,,,1,,
1983,,,,,,,,,,
1984,,,,,,,,1,,
1985,,,1,,,,,,,
1986,,,1,,,,,,,
1987,,,1,,,,,,,
1988,,,1,,,,,,,
1989,,,1,,,,,,,
1990,,,1,,,,,,,
1991,,,1,,,,,,,
1992,,,1,,,,,,,
1993,,,1,,,,,,,
1994,,,1,,,,,,,
1995,,,1,,,,,,,
1996,,,1,,,,,,,
1997,,,1,,,,,,,
1998,,,1,,,,,,,
1999,,,1,,,,,,,
2000,,,1,,,,,,,
2001,,,1,,,,,,,
2002,,,1,,,,,,,
2003,,,,,,,,,,
2004,,,,,,,,,,
2005,,,,,,,,,,
2006,,,,,,,,,,
2007,,,,,,,,,,
2008,,,,,,,,,,
2009,,,,,,,,1,,
2010,,,,,,,,1,,
2011,,,,,,,,1,,
2012,,,,,,,,1,,
2013,,,,,,,,1,,
2014,,,,,,,,1,,
2015,,,,,,,,,,
2016,,,,,,,,1,,
2017,,,,,,,,1,,
2018,,,,,,,,1,,
2019,,,,,,,,1,,
2020,,,,,,,,,,
2021,,,,,,,,,,
2022,,,,,,,,,,
2023,,,,,,,,,,
2024,,,,,,,,1,,
2025,,,,,,,,,,
2026,,,,,,,,,,
2027,,,,,,,,,,
2028,,,,,,,,,,
2029,,,,,,,,,,
2030,,,,,,,1,1,,
2031,,,,,,,1,1,,
2032,,,,,,,,,,
2033,,,,,,,,,,
2034,,,,,,,,,,
2035,,,,,,,,,,
2036,,,,,,,,,,
2037,,,,,,,,,,
2038,,,,,,,,,,
2039,,,,,,,,,,
2040,,,,,,,,,,
2041,,,,,,,,,,
2042,,,,,,,,,,
2043,,,,,,,,,,
2044,,,,,,,,,,
2045,,,,,,,,,,
2046,,,,,,,,,,
2047,,,,,,,,,,
2048,,,,,,,,,,
2049,,,,,,,,,,
2050,,,,,,,,,,
2051,,,,,,,,,,
2052,,,,,,,,,,
2053,,,,,,,,,,
2054,,,,,,,,,,
2055,,,,,,,,,,
2056,,,,,,,,,,
2057,,,,,,,,,,
2058,,,,,,,,,,
2059,,,,,,,,,,
2060,,,,,,,,,,
2061,,,,,,,,,,
2062,,,,,,,,,,
2063,,,,,,,,,,
2064,,,,,,,,,,
2065,,,,,,,,,,
2066,,,,,,,,,,
2067,,,,,,,,,,
2068,,,,1,,,,,,
2069,,,,1,,,,,,
2070,,,,1,,,,,,
2071,,,,1,,,,,,
2072,,,,1,,,,,,
2073,,,,1,,,,,,
2074,,,,1,,,,,,
2075,,,,1,,,,,,
2076,,,,1,,,,,,
2077,,,,1,,,,,,
2078,,,,1,,,,,,
2079,,,,1,,,,,,
2080,,,,1,,,,,,
2081,,,,1,,,,,,
2082,,,,1,,,,,,
2083,,,,1,,,,,,
2084,,,,1,,,,,,
2085,,,,1,,,,,,
2086,,,,1,,,,,,
2087,,,,1,,,,,,
2088,,,,1,,,,,,
2089,,,,1,,,,,,
2090,,,,1,,,,,,
2091,,,,1,,,,,,
2092,,,,1,,,,,,
2093,,,,1,,,,,,
2094,,,,1,,,,,,
2095,,,,,,,,,,
2096,,,,,,,,,,
2097,,,,,,,,1,,
2098,,,,,,,,1,,
2099,,,,,,,,1,,
2100,,,,,,,,,,
2101,,,,,,,,,,
2102,,,,,,,,,,
2103,,,,,,,,,,
2104,,,,,,,,,,
2105,,,,,,,,,,
2106,,,,,,,,,,
2107,,,,,,,,,,
2108,,,,,,,,,,
2109,,,,,,,,,,
2110,,,,,,,,,,
2111,,,,,,,,,,
2112,,,,,,,,,,
2113,,,,,,,,,,
2114,,,,,,,,,,
2115,,,,,,,,,,
2116,,,,,,,,,,
2117,,,,,,,,,,
2118,,,,,,,,,,
2119,,,,,,,,,,
2120,,,,,,,,,,
2121,,,,,,,,,,
2122,,,,,,,,,,
2123,,,,,,,,,,
2124,,,,,,,,,,
2125,,,,,,,,,,
2126,,,,,,,,,,
2127,,,,,,,,,,
2128,,,,,,,,1,,
2129,,,,,,,,,,
2130,,,,,,,,,,
2131,,,,,,,,,,
2132,,,1,,,,,,,
2133,,,1,,,,,,,
2134,,,1,,,,,,,
2135,,,,,,,,,,
2136,,,,,,,,,,
2137,,,,,,,,,,
2138,,,,,,,,,,
2139,,,,,,,,,,
2140,,,,,,,,,,
2141,,,,,,,,,,
2142,,,,,,,,,,
2143,,,,,,,,,,
2144,,,,,,,,,,
2145,,,,,,,,,,
2146,,,,,,,,,,
2147,,,,,,,,,,
2148,,,1,,,,,,,
2149,,,1,,,,,,,
2150,,,1,,,,,,,
2151,,,1,,,,,,,
2152,,,1,,,,,,,
2153,,,1,,,,,,,
2154,,,1,,,,,,,
2155,,,1,,,,,,,
2156,,,1,,,,,,,
2157,,,1,,,,,,,
2158,,,1,,,,,,,
2159,,,1,,,,,,,
2160,,,1,,,,,,,
2161,,,1,,,,,,,
2162,,,1,,,,,,,
2163,,,1,,,,,,,
2164,,,1,,,,,,,
2165,,,1,,,,,,,
2166,,,1,,,,,,,
2167,,,1,,,,,,,
2168,,,1,,,,,,,
2169,,,1,,,,,,,
2170,,,1,,,,,,,
2171,,,1,,,,,,,
2172,,,1,,,,,,,
2173,,,1,,,,,,,
2174,,,1,,,,,,,
2175,,,1,,,,,,,
2176,,,1,,,,,,,
2177,,,1,,,,,,,
2178,,,1,,,,,,,
2179,,,1,,,,,,,
2180,,,1,,,,,,,
2181,,,1,,,,,,,
2182,,,1,,,,,,,
2183,,,1,,,,,,,
2184,,,1,,,,,,,
2185,,,1,,,,,,,
2186,,,1,,,,,,,
2187,,,1,,,,,,,
2188,,,1,,,,,,,
2189,,,1,,,,,,,
2190,,,1,,,,,,,
2191,,,1,,,,,,,
2192,,,1,,,,,,,
2193,,,1,,,,,,,
2194,,,1,,,,,,,
2195,,,1,,,,,,,
2196,,,1,,,,,,,
2197,,,1,,,,,,,
2198,,,1,,,,,,,
2199,,,1,,,,,,,
2200,1,,,,,,,,,
2201,,,1,,,,,,,
2202,,,1,,,,,,,
2203,,,1,,,,,,,
2204,1,,,,,,,,,
2205,,,,,,,,,,
2206,,,,,,,,,,
2207,,,,,,,,,,
2208,,,,,,,,,,
2209,1,,,,,,,,,
2210,1,,,,,,,,,
2211,,,,,,,,,,
2212,,,,,,,,,,
2213,,,1,,,,,,,
2214,,,1,,,,,,,
2215,,,,,,1,,,,
2216,,,,,,,,1,,
2217,,,,,,,,,,
2218,,,,,,1,,,,
2219,,,,,,1,,,,
2220,,,,,,1,,,,
2221,,,,,,1,,,,
2222,1,,,,,,,,,
2223,,,,,,,,,,
2224,,,,,,,,,,
2225,,,,,,,,,,
2226,,,,,,,,,,
2227,,,,,,,,,,
2228,,,,,,,,,,
2229,,,,,,,,,,
2230,,,,,,,,,,
2231,,,,,,,,,,
2232,,,,,,,,,,
2233,,,,,,,,,,
2234,,,,,,,,,,
2235,,,,,,,,,,
2236,,,,,,,,,,
2237,,,,,,,,,,
2238,,,,,,,,,,
2239,,,,,,,,,,
2240,,,,,,,,,,
2241,,,,,,,,,,
2242,,,,,,,,,,
2243,,,,,,,,,,
2244,,,,,,,,,,
2245,,,,,,,,,,
2246,,,,,,,,,,
2247,,,,,,,,,,
2248,,,,,,,,,,
2249,,,,,,,,,,
2250,,,,,,,,,,
2251,,,,,,,,,,
2252,,,1,,,,,,,
2253,,,1,,,,,,,
2254,,,1,,,,,,,
2255,,,1,,,,,,,
2256,,,1,,,,,,,
2257,,,1,,,,,,,
2258,,,,,,,,,,
2259,,,,,,,,,,
2260,,,,,,,,,,
2261,,,,,,,,,,
2262,,,,,,,,,,
2263,,,,,,,,,,
2264,,,,,,,,,,
2265,,,,,,,,,,
2266,,,,,,,,,,
2267,,,,,,,,,,
2268,,,,,,,,,,
2269,,,,,,,,,,
2270,,,,,,,,,,
2271,,,,,,,,,,
2272,,,,,,,,,,
2273,,,,,,,,,,
2274,,,,,,,,,,
2275,1,,,,,,,,,
2276,,,,,,,,,,
2277,1,,,,,,,,,
2278,1,,,,,,,,,
2279,,,,,,,,,,
2280,1,,,,,,,,,
2281,1,,,,,,,,,
2282,1,,,,,,,,,
2283,,,,,,,,,,
2284,,,,,,,,,,
2285,,,1,,,,,,,
2286,,,1,,,,,,,
2287,1,,,,,,,,,
2288,,,1,,,,,,,
2289,,,,,,,,,,
2290,,,,,,,,,,
2291,1,,,,,,,,,
2292,,,,,,,,,,
2293,1,,,,,,,,,
2294,,,,,,,,,,
2295,,,,,,,,,,
2296,,,,,,,,,,
2297,,,,,,,,,,
2298,1,,,,,,,,,
2299,,,,,,,,,,
2300,,,,,,,,,,
2301,,,,,,,,,,
2302,,,,,,,,,,
2303,,,,,,,,,,
2304,,,1,,,,,,,
2305,,,1,,,,,,,
2306,,,1,,,,,,,
2307,,,1,,,,,,,
2308,,,1,,,,,,,
2309,,,,,,,,,,
2310,,,1,,,,,,,
2311,,,,,,,,,,
2312,,,,,,,,,,
2313,,,,,,,,,,
2314,,,,,,,,,,
2315,,,,,,,,,,
2316,,,,,,,,,,
2317,,,,,,,,,,
2318,,,,,,,,,,
2319,,,,,,,,,,
2320,,,,,,,,,,
2321,,,,,,,,,,
2322,,,,,,,,,,
2323,,,,,,,,,,
2324,,,,,,,,,,
2325,,,,,,,,,,
2326,,,,,,,,,,
2327,,,,,,,,,,
2328,,,,,,,,,,
2329,,,,,,,,,,
2330,,,,,,,,,,
2331,,,1,,,,,,,
2332,,,,,,,,,,
2333,,,1,,,,,,,
2334,,,1,,,,,,,
2335,,,,,,,,,,
2336,,,1,,,,,,,
2337,,,1,,,,,,,
2338,,,1,,,,,,,
2339,,,1,,,,,,,
2340,,,1,,,,,,,
2341,,,1,,,,,,,
2342,,,,,,,,,,
2343,,,1,,,,,,,
2344,,,1,,,,,,,
2345,,,,,,,,,,
2346,,,,,,,,,,
2347,,,,,,,,,,
2348,,,,,,,,,,
2349,,,,,,,,,,
2350,,,,,,,,,,
2351,,,,,,,,,,
2352,,,,,,,,,,
2353,,,,,,,,,,
2354,,,,,,,,,,
2355,,,,,,,,,,
2356,,,,,,,,,,
2357,,,,,,,,1,,
2358,,,,,,,,,,
2359,,,,,,,,,,
2360,,,,,,,,,,
2361,,,,,,,,,,
2362,,,,,,,,1,,
2363,,,,,,,,1,,
2364,,,,,,,,1,,
2365,,,,,,,,,,
2366,,,,,,,,1,,
2367,,,,,,,,1,,
2368,,,,,,,,1,,
2369,,,,,,,,1,,
2370,,,,,,,,,,
2371,,,,,,,,,,
2372,,,,,,,,,,
2373,,,,,,,,,,
2374,,,,,,,,,,
2375,,,,,,,,1,,
2376,,,,,,,,1,,
2377,,,,,,,,1,,
2378,,,,,,,,1,,
2379,,,,,,,,1,,
2380,,,,,,,,1,,
2381,,,,,,,,1,,
2382,,,,,,,,1,,
2383,,,,,,,,1,,
2384,,,,,,,,,,
2385,,,,,,,,,,
2386,,,,,,,,1,,
2387,,,,,,,,1,,
2388,,,,,,,,1,,
2389,,,,,,,,,,
2390,,,,,,,,,,
2391,,,,,,,,,,
2392,,,,,,,,,,
2393,,,,,,,,,,
2394,,,,,,,,,,
2395,,,,,,,,,,
2396,,,,,,,,,,
2397,,,,,,,,1,,
2398,,,,,,,,1,,
2399,1,,,,,,,,,
2400,,,,,,,,,,
2401,,,,,,,,,,
2402,,,,,,,,,,
2403,,,,,,,,1,,
2404,,,,,,,,1,,
2405,,,,,,,,1,,
2406,,,,,,,,1,,
2407,,,,,,,,1,,
2408,,,,,,,,1,,
2409,,,,,,,,1,,
2410,,,,,,,,1,,
2411,,,,,,,,1,,
2412,,,,,,,,1,,
2413,,,,,,,,1,,
2414,,,,,,,,1,,
2415,,,,,,,,1,,
2416,,,,,,,,,,
2417,,,,,,,,1,,
2418,,,,,,,,1,,
2419,,,,,,,,1,,
2420,,,,,,,,1,,
2421,,,,,,,,1,,
2422,1,,,,,,,,,
2423,1,,,,,,,,,
2424,,,,,,,,1,,
2425,,,,,,,,1,,
2426,,,,,,,,1,,
2427,,,,,,,,1,,
2428,,,,,,,,1,,
2429,,,,,,,,1,,
2430,,,,,,,,1,,
2431,,,,,,,,1,,
2432,,,,,,,,1,,
2433,,,,,,,,,,
2434,,,,,,,,1,,
2435,,,,,,,,1,,
2436,,,,,,,,1,,
2437,,,,,,,,1,,
2438,,,,,,,,1,,
2439,,,,,,,,1,,
2440,,,,,,,,,,
2441,,,,,,,,,,
2442,,,1,,,,,,,
2443,,,,,,,,1,,
2444,,,,,,,,,,
2445,,,,,,,,,,
2446,,,,,,,,,,
2447,,,,,,,,,,
2448,,,,,,,,,,
2449,,,,,,,,,,
2450,,,,,,,,,,
2451,,,,,,,,,,
2452,,,,,,,,,,
2453,,,,,,,,,,
2454,,,,,,,,,,
2455,,,,,,,,,,
2456,,,,,,,,1,,
2457,,,,,,,,1,,
2458,,,,,,,,1,,
2459,,,,,,,,1,,
2460,,,,,,,,1,,
2461,,,,,,,,1,,
2462,,,,,,,,1,,
2463,,,,,,,,1,,
2464,,,,,,,,,,
2465,,,,,,,,,,
2466,,,,,,,,,,
2467,,,,,,,,,,
2468,,,,,,,,,,
2469,,,,,,,,,,
2470,,,,,,,,,,
2471,,,,,,,,,,
2472,,,,,,,,,,
2473,,,,,,,,,,
2474,,,,,,,,,,
2475,,,,,,,,1,,
2476,,,,,,,,1,,
2477,,,,,,,,,,
2478,,,,,,,,1,,
2479,,,,,,,,1,,
2480,,,,,,,,1,,
2481,,,,,,,,1,,
2482,,,,,,,,1,,
2483,,,,,,,,1,,
2484,,,,,,,,1,,
2485,,,,,,,,1,,
2486,,,,,,,,,,
2487,,,,,,,,,,
2488,,,,,,,,,,
2489,,,,,,,,,,
2490,,,,,,,,1,,
2491,,,,,,,,1,,
2492,,,,,,,,1,,
2493,,,,,,,,1,,
2494,,,,,,,,1,,
2495,,,,,,,,1,,
2496,,,,,,,,1,,
2497,,,,,,,,,,
2498,,,,,,,,,,
2499,,,,,,,,1,,
2500,,,,,,,,,,
2501,,,,,,,,,,
2502,,,,,,,,,,
2503,,,,,,,,,,
2504,,,,,,,,,,
2505,,,,,,,,,,
2506,,,,,,,,1,,
2507,,,,,,,,1,,
2508,,,,,,,,1,,
2509,,,,,,,,1,,
2510,,,,,,,,1,,
2511,,,1,,,,,,,
2512,,,1,,,,,,,
2513,,,1,,,,,,,
2514,,,1,,,,,,,
2515,,,1,,,,,,,
2516,,,1,,,,,,,
2517,,,1,,,,,,,
2518,,,1,,,,,,,
2519,,,1,,,,,,,
2520,,,,,,,,1,,
2521,,,,,,,,,,
2522,,,,,,,,1,,
2523,,,,,,,,1,,
2524,,,,,,,,1,,
2525,,,,,,,,1,,
2526,,,,,,,,1,,
2527,,,,,,,,,,
2528,,,,,,,,,,
2529,,,,,,,,,,
2530,,,,,,,,,,
2531,,,,,,,,1,,
2532,,,,,,,,,,
2533,,,,,,,,1,,
2534,,,,,,,,1,,
2535,,,,,,,,1,,
2536,,,,,,,,1,,
2537,,,,,,,,1,,
2538,,,,,,,,1,,
2539,,,,,,,,1,,
2540,,,,,,,,1,,
2541,,,,,,,,1,,
2542,,,,,,,,1,,
2543,,,,,,,,1,,
2544,,,,,,,,1,,
2545,,,,,,,,1,,
2546,,,,,,,,1,,
2547,,,,,,,,1,,
2548,,,,,,,,,,
2549,,,,,,,,1,,
2550,,,,,,,,,,
2551,,,,,,,,,,
2552,,,,,,,,,,
2553,,,,,,,,,,
2554,,,,,,,,,,
2555,,,,,,,,,,
2556,,,,,,,,,,
2557,,,,,,,,1,,
2558,,,,,,,,1,,
2559,,,1,,,,,,,
2560,,,,,,,,1,,
2561,,,,,,,,1,,
2562,,,,,,,,1,,
2563,,,,,,,,1,,
2564,,,,,,,,1,,
2565,,,,,,,,1,,
2566,,,,,,,,1,,
2567,,,,,,,,1,,
2568,,,,,,,,,,
2569,,,,,,,,,,
2570,,,,,,,,,,
2571,,,,,,,,,,
2572,,,,,,,,,,
2573,,,,,,,,,,
2574,,,,,,,,,,
2575,,,,,,,,,,
2576,,,,,,,,,,
2577,,,,,,,,,,
2578,,,,,,,,,,
2579,,,,,,,,,,
2580,,,,,,,,,,
2581,,,,,,,,,,
2582,,,,,,,,,,
2583,,,,,,,,,,
2584,,,,,,,,,,
2585,,,,,,,,,,
2586,,,,,,,,,,
2587,,,,,,,,,,
2588,,,,,,,,,,
2589,,,,,,,,,,
2590,,,,,,,,,,
2591,,,,,,,,,,
2592,,,,,,,,,,
2593,,,,,,,,,,
2594,,,,,,,,,,
2595,,,,,,,,,,
2596,,,,,,,,,,
2597,,,,,,,,1,,
2598,,,,,,,,,,
2599,,,,,,,,,,
2600,,,,,,,1,1,,
2601,,,,,,,1,1,,
2602,,,,,,,,,,
2603,,,,,,,1,1,,
2604,,,,,,,,,,
2605,,,,,,,,,,
2606,,,,,,,,,,
2607,,,,,,,,,,
2608,,,,,,,,,,
2609,,,,,,,,,,
2610,,,,,,,,,,
2611,,,,,,,,,,
2612,,,,,,,,,,
2613,,,,,,,,,,
2614,,,,,,,,,,
2615,,,,,,,,,,
2616,,,,,,,,,,
2617,,,,,,,,,,
2618,,,,,,,,,,
2619,,,,,,,,,,
2620,,,,,,,,,,
2621,,,,,,,,,,
2622,,,,,,,,,,
2623,,,,,,,,,,
2624,,,,,,,,,,
2625,,,,,,,,,,
2626,,,,,,,,,,
2627,,,,,,,,,,
2628,,,,,,,,,,
2629,,,,,,,,,,
2630,,,,,,,,,,
2631,,,,,,,,,,
2632,,,,,,,,,,
2633,,,,,,,,1,,
2634,,,,,,,,,,
2635,,,,,,,,1,,
2636,,,,,,,,1,,
2637,,,,,,,,1,,
2638,,,,,,,,1,,
2639,,,,,,,,1,,
2640,,,,,,,,1,,
2641,,,,,,,,1,,
2642,,,,,,,,1,,
2643,,,,,,,,1,,
2644,,,,,,,,1,,
2645,,,,,,,,1,,
2646,,,,,,,,1,,
2647,,,,,,,,1,,
2648,,,,,,,,1,,
2649,,,,,,,,1,,
2650,,,,,,,,1,,
2651,,,,,,,,1,,
2652,,,,,,,,1,,
2653,,,,,,,,1,,
2654,,,,,,,,1,,
2655,,,,,,,,1,,
2656,,,,,,,,1,,
2657,,,,,,,,1,,
2658,,,,,,,,1,,
2659,,,,,,,,1,,
2660,,,,,,,,1,,
2661,,,,,,,,1,,
2662,,,,,,,,1,,
2663,,,,,,,,1,,
2664,,,,,,,,1,,
2665,,,,,,,,1,,
2666,,,,,,,,1,,
2667,,,,,,,,1,,
2668,,,,,,,,1,,
2669,,,,,,,,1,,
2670,,,,,,,,,,
2671,,,,,,,,,,
2672,,,,,,,,1,,
2673,,,,,,,,,,
2674,1,,,,,,,,,
2675,,,,,,,,,,
2676,1,,,,,,,,,
2677,1,,,,,,,,,
2678,,,,,,,,,,
2679,,,,,,,,,,
2680,,,,,,,,,,
2681,,,,,,,,,,
2682,,,,,,,,,,
2683,,,,,,,,,,
2684,,,,,,,,,,
2685,,,,,,,,,,
2686,,,,,,,,,,
2687,,,,,,,,,,
2688,,,,,,,,,,
2689,,,,,,,,,,
2690,,,,,,,,,,
2691,,,,,,,,,,
2692,,,,,,,,,,
2693,,,,,,,,,,
2694,,,,,,,,,,
2695,,,,,,,,,,
2696,,,,,,,,,,
2697,,,,,,,,,,
2698,,,,,,,,,,
2699,1,,,,,,,,,
2700,,,,,,,,,,
2701,,,,,,,,,1,
2702,,,,,,,,1,,
2703,,,,,,,,1,,
2704,,,,,,,,1,,
2705,,,,,,,,1,,
2706,,,,,,,,1,,
2707,,,,,,,,1,,
2708,,,,,,,,1,,
2709,,,,,,,,1,,
2710,,,,,,,,1,,
2711,,,,,,,,1,,
2712,,,,,,,,1,,
2713,,,,,,,,1,,
2714,,,,,,,,1,,
2715,,,,,,,,1,,
2716,,,,,,,,1,,
2717,,,,,,,,,,
2718,,,,,,,,,,
2719,,,,,,,,1,,
2720,,,,,,,,1,,
2721,,,,,,,,,1,
2722,,,1,,,,,,,
2723,,,,,,,,,,
2724,,,,,,,,,,
2725,,,,,,,,,,
2726,,,,,,,,,,
2727,,,,,,,,,,
2728,,,,,,,,,,
2729,,,,,,,,,,
2730,,,,,,,,,,
2731,,,,,,,,,,
2732,,,,,,,,,,
2733,,,,,,,,,,
2734,,,,,,,,,,
2735,,,1,,,,,,,
2736,,,1,,,,,,,
2737,,,1,,,,,,,
2738,,,1,,,,,,,
2739,,,1,,,,,,,
2740,,,1,,,,,,,
2741,,,1,,,,,,,
2742,,,1,,,,,,,
2743,,,1,,,,,,,
2744,,,1,,,,,,,
2745,,,1,,,,,,,
2746,,,,,,,,,,
2747,,,1,,,,,,,
2748,,,1,,,,,,,
2749,,,1,,,,,,,
2750,,,1,,,,,,,
2751,,,1,,,,,,,
2752,,,,,,,,,,
2753,,,,,,,,,,
2754,,,,,,,,,,
2755,,,1,,,,,,,
2756,,,1,,,,,,,
2757,,,1,,,,,,,
2758,,,1,,,,,,,
2759,,,1,,,,,,,
2760,,,1,,,,,,,
2761,,,1,,,,,,,
2762,,,1,,,,,,,
2763,,,1,,,,,,,
2764,,,1,,,,,,,
2765,,,1,,,,,,,
2766,,,1,,,,,,,
2767,,,1,,,,,,,
2768,,,1,,,,,,,
2769,,,1,,,,,,,
2770,,,1,,,,,,,
2771,,,1,,,,,,,
2772,,,1,,,,,,,
2773,,,1,,,,,,,
2774,,,1,,,,,,,
2775,,,,,,,,,,
2776,,,1,,,,,,,
2777,,,1,,,,,,,
2778,,,1,,,,,,,
2779,,,,,,,,,,
2780,,,1,,,,,,,
2781,,,,,,,,,,
2782,,,1,,,,,,,
2783,,,1,,,,,,,
2784,,,1,,,,,,,
2785,,,1,,,,,,,
2786,,,1,,,,,,,
2787,,,1,,,,,,,
2788,,,1,,,,,,,
2789,,,1,,,,,,,
2790,,,1,,,,,,,
2791,,,1,,,,,,,
2792,,,1,,,,,,,
2793,,,1,,,,,,,
2794,,,1,,,,,,,
2795,,,1,,,,,,,
2796,,,1,,,,,,,
2797,,,1,,,,,,,
2798,,,1,,,,,,,
2799,,,1,,,,,,,
2800,,,1,,,,,,,
2801,,,1,,,,,,,
2802,,,1,,,,,,,
2803,,,1,,,,,,,
2804,,,1,,,,,,,
2805,,,1,,,,,,,
2806,,,1,,,,,,,
2807,,,1,,,,,,,
2808,,,,,,,,,,
2809,,,1,,,,,,,
2810,,,1,,,,,,,
2811,,,1,,,,,,,
2812,,,1,,,,,,,
2813,,,1,,,,,,,
2814,,,,,,,,,,
2815,,,1,,,,,,,
2816,,,1,,,,,,,
2817,,,1,,,,,,,
2818,,,1,,,,,,,
2819,,,1,,,,,,,
2820,,,1,,,,,,,
2821,,,1,,,,,,,
2822,,,1,,,,,,,
2823,,,1,,,,,,,
2824,,,1,,,,,,,
2825,,,1,,,,,,,
2826,,,1,,,,,,,
2827,,,,,,,,,,
2828,,,1,,,,,,,
2829,,,1,,,,,,,
2830,,,1,,,,,,,
2831,,,1,,,,,,,
2832,,,1,,,,,,,
2833,,,1,,,,,,,
2834,,,1,,,,,,,
2835,,,1,,,,,,,
2836,,,1,,,,,,,
2837,,,,,,,,,,
2838,,,1,,,,,,,
2839,,,1,,,,,,,
2840,,,1,,,,,,,
2841,,,1,,,,,,,
2842,,,,,,,,,,
2843,,,,,,,,,,
2844,,,1,,,,,,,
2845,,,1,,,,,,,
2846,,,1,,,,,,,
2847,,,1,,,,,,,
2848,,,1,,,,,,,
2849,,,1,,,,,,,
2850,,,1,,,,,,,
2851,,,1,,,,,,,
2852,,,1,,,,,,,
2853,,,1,,,,,,,
2854,,,1,,,,,,,
2855,,,1,,,,,,,
2856,,,1,,,,,,,
2857,,,1,,,,,,,
2858,,,1,,,,,,,
2859,,,1,,,,,,,
2860,,,1,,,,,,,
2861,,,1,,,,,,,
2862,,,1,,,,,,,
2863,,,1,,,,,,,
2864,,,1,,,,,,,
2865,,,1,,,,,,,
2866,,,1,,,,,,,
2867,,,1,,,,,,,
2868,,,,,,,,,,
2869,,,1,,,,,,,
2870,,,1,,,,,,,
2871,,,1,,,,,,,
2872,,,1,,,,,,,
2873,,,1,,,,,,,
2874,,,1,,,,,,,
2875,,,1,,,,,,,
2876,,,1,,,,,,,
2877,,,1,,,,,,,
2878,,,1,,,,,,,
2879,,,1,,,,,,,
2880,,,1,,,,,,,
2881,,,1,,,,,,,
2882,,,1,,,,,,,
2883,,,1,,,,,,,
2884,,,,,,,,,,
2885,,,,,,,,,,
2886,,,,,,,,,,
2887,,,,,,,,,,
2888,,,,,,,,,,
2889,,,,,,,,,,
2890,,,,,,,,,,
2891,,,,,,,,,,
2892,,,,,,,,,,
2893,,,,,,,,,,
2894,,,,,,,,,,
2895,,,,,,,,,1,
2896,,,,,,,,,1,
2897,,,,,,,,,,
2898,,,,,,,,1,,
2899,,,,,,,,1,,
2900,,,,,,,,,1,
2901,,,,,,,,,1,
2902,,,,,,,,,1,
2903,,,,,,,,,1,
2904,,,,,,,,,1,
2905,,,,,,,,,1,
2906,,,,,,,,,1,
2907,,,,,,,,,1,
2908,,,,,,,,,1,
2909,,,,,,,,,1,
2910,,,,,,,,,,
2911,,,,,,,,,,
2912,,,,,,,,,,
2913,,,,,,,,,,
2914,,,,,,,,,,
2915,,,,,,,,,,
2916,,,,,,,,,,
2917,,,,,,,,,,
2918,,,,,,,,,,
2919,,,,,,,,,,
2920,,,,,,,,,,
2921,,,,,,,,,,
2922,,,,,,,,,,
2923,,,,,,,,,,
2924,,,,,,,,,,
2925,,,,,,,,,,
2926,,,,,,,,,,
2927,,,,,,,,,,
2928,,,,,,,,,,
2929,,,,,,,,,,
2930,,,,,,,,,,
2931,,,,,,,,,,
2932,,,,,,,,,,
2933,,,,,,,,,,
2934,,,,,,,,,,
2935,,,,,,,,,,
2936,,,,,,,,,,
2937,,,,,,,,,,
2938,,,,,,,,,,
2939,,,,,,,,,,
2940,,,,,,,,,,
2941,,,,,,,,,,
2942,,,,,,,,,,
2943,,,,,,,,,,
2944,,,,,,,,1,,
2945,,,,,,,,,1,
2946,,,,,,,,,1,
2947,,,,,,,,,1,
2948,,,,,,,,,1,
2949,,,,,,,,1,,
2950,,,,,,,,1,,
2951,,,,,,,,1,,
2952,,,,,,,,,,
2953,,,,,,,,,,
2954,,,,,,,,,,
2955,,,,,,,,,,
2956,,,,,,,,,,
2957,,,,,,,,,,
2958,,,,,,,,,,
2959,,,,,,,,,,
2960,,,,,,,,,,
2961,,,,,,,,,,
2962,,,,,,,,,,
2963,,,,,,,,,,
2964,,,,,,,,,,
2965,,,,,,,,,,
2966,,,,,,,,,,
2967,,,,,,,,,,
2968,,,,,,,,,,
2969,,,,,,,,1,,
2970,,,,,,,,1,,
2971,,,,,,,,1,,
2972,,,,,,,,1,,
2973,,,,,,,,1,,
2974,,,,,,,,1,,
2975,,,,,,,,,,
2976,,,,,,,,,,
2977,,,,,,,,,,
2978,,,,,,,,,,
2979,,,,,,,,,,
2980,,,,,,,,,,
2981,,,,,,,,,,
2982,,,,,,,,,,
2983,,,,,,,,,,
2984,,,,,,,,,,
2985,,,,,,,,,,
2986,,,,,,,,,,
2987,,,,,,,,,,
2988,,,,,,,,,,
2989,,,,,,,,,,
2990,,,,,,,,,,
2991,,,,,,,,,,
2992,,,,,,,,,,
2993,,,,,,,,1,,
2994,,,,,,,,,,
2995,,,,,,,,1,,
2996,,,,,,,,,,
2997,,,,,,,,,,
2998,,,,,,,,,,
2999,,,,,,,,,,
3000,,,,,,,,,,
3001,,,1,,,,,,,
3002,,,1,,,,,,,
3003,,,1,,,,,,,
3004,,,1,,,,,,,
3005,,,1,,,,,,,
3006,,,,,,,,,,
3007,,,,,,,,,,
3008,,,,,,,,,,
3009,,,,,,,,,,
3010,,,,,,,,,,
3011,,,,,,,,,,
3012,,,,,,,,,,
3013,,,,,,,,,,
3014,,,,,,,,,,
3015,,,,,,,,,,
3016,,,,,,,,,,
3017,,,,,,,,,,
3018,,,,,,,,,,
3019,,,,,,,,,,
3020,,,1,,,,,,,
3021,,,1,,,,,,,
3022,,,1,,,,,,,
3023,,,1,,,,,,,
3024,,,1,,,,,,,
3025,,,,,,,,,,
3026,,,,,,,,,,
3027,,,,,,,,,,
3028,,,,,,,,,,
3029,,,,,,,,,,
3030,,,,,,,,,,
3031,,,,,,,,,,
3032,,,,,,,,,,
3033,,,,,,,,,,
3034,,,,,,,,,,
3035,,,,,,,,,,
3036,,,1,,,,,,,
3037,,,1,,,,,,,
3038,,,1,,,,,,,
3039,,,1,,,,,,,
3040,,,1,,,,,,,
3041,,,1,,,,,,,
3042,,,1,,,,,,,
3043,,,1,,,,,,,
3044,,,1,,,,,,,
3045,,,1,,,,,,,
3046,,,1,,,,,,,
3047,,,1,,,,,,,
3048,,,1,,,,,,,
3049,,,1,,,,,,,
3050,,,1,,,,,,,
3051,,,1,,,,,,,
3052,,,1,,,,,,,
3053,,,1,,,,,,,
3054,,,1,,,,,,,
3055,,,1,,,,,,,
3056,,,1,,,,,,,
3057,,,,,,,,,,
3058,,,,,,,,,,
3059,,,,,,,,,,
3060,,,,,,,,,,
3061,,,1,,,,,,,
3062,,,,,,,,,,
3063,,,,,,,,,,
3064,,,,,,,,,,
3065,,,,,,,,,,
3066,,,,,,,,,,
3067,,,,,,,,,,
3068,,,,,,,,,,
3069,,,,,,,,,,
3070,,,,,,,,,,
3071,,,,,,,,,,
3072,,,,,,,,,,
3073,,,1,,,,,,,
3074,,,,,,,,,,
3075,,,,,,,,,,
3076,,,,,,,,,,
3077,,,,,,,,,,
3078,,,,,,,,,,
3079,,,,,,,,,,
3080,,,1,,,,,,,
3081,,,,,,,,,1,
3082,,,,,,,,,1,
3083,,,,,,,,,1,
3084,,,,,,,,,1,
3085,,,,,,,,,1,
3086,,,,,,,,,1,
3087,,,,,,,,,1,
3088,,,,,,,,,1,
3089,,,,,,,,,1,
3090,,,,,,,,,1,
3091,,,,,,,,,1,
3092,,,,,,,,,,
3093,,,,,,,,,,
3094,,,,,,,,,,
3095,,,,,,,,,,
3096,,,,,,,,,,
3097,,,,,,,,,,
3098,,,,,,,,,,
3099,,,,,,,,,,
3100,,,,,,,,,,
3101,,,,,,,,,,
3102,,,,,,,,,,
3103,,,,,,,,,,
3104,,,,,,,,,,
3105,,,,,,,,,,
3106,,,,,,,,,,
3107,,,,,,,,,,
3108,,,,,,,,,,
3109,,,,,,,,,,
3110,,,,,,,,,,
3111,,,,,,,,,,
3112,,,,,,,,,,
3113,,,,,,,,,,
3114,,,,,,,,,,
3115,,,,,,,,,,
3116,,,,,,,,,,
3117,,,,,,,,,,
3118,,,,,,,,,,
3119,,,,,,,,,,
3120,,,,,,,,,,
3121,,,,,,,,,,
3122,,,,,,,,,,
3123,,,,,,,,,,
3124,,,,,,,,,,
3125,,,,,,,,,,
3126,,,,,,,,,,
3127,,,,,,,,,,
3128,,,,,,,,,,
3129,,,,,,,,,,
3130,,,,,,,,,,
3131,,,,,,,,,,
3132,,,,,,,,,,
3133,,,,,,,,,,
3134,,,,,,,,,,
3135,,,,,,,,,,
3136,,,,,,,,,,
3137,,,,,,,,,,
3138,,,,,,,,,,
3139,,,,,,,,,,
3140,,,,,,,,,,
3141,,,,,,,,,,
3142,,,,,,,,,,
3143,,,,,,,,,,
3144,,,,,,,,,,
3145,,,,,,,,,,
3146,,,,,,,,,,
3147,,,,,,,,,,
3148,,,,,,,,,,
3149,,,,,,,,,,
3150,,,,,,,,,1,
3151,,,,,,,,1,,
3152,,,,,,,,1,,
3153,,,,,,,,1,,
3154,,,,,,,,,,
3155,,,,,,,,,,
3156,,,,,,,,,,
3157,,,,,,,,,,
3158,,,,,,,,,,
3159,,,,,,,,,,
3160,,,,,,,,,,
3161,,,,,,,,,,
3162,,,,,,,,,,
3163,,,,,,,,,,
3164,,,,,,,,,,
3165,,,,,,,,,,
3166,,,,,,,,,,
3167,,,,,,,,,,
3168,,,,,,,,,,
3169,,,,,,,,,,
3170,,,,,,,,,,
3171,,,,,,,,,,
3172,,,,,,,,,,
3173,,,,,,,,,,
3174,,,,,,,,,,
3175,,,,,,,,,,
3176,,,,,,,,,,
3177,,,,,,,,,,
3178,,,,,,,,,,
3179,,,,,,,,,,
3180,,,,,,,,,,
3181,,,,,,,,,,
3182,,,,,,,,,,
3183,,,,,,,,,,
3184,,,1,,,,,,,
3185,,,1,,,,,,,
3186,,,,,,,,,,
3187,,,1,,,,,,,
3188,,,1,,,,,,,
3189,,,1,,,,,,,
3190,,,,,,,,,,
3191,,,1,,,,,,,
3192,,,,,,,,,,
3193,,,1,,,,,,,
3194,,,1,,,,,,,
3195,,,,,,,,,,
3196,,,,,,,,,,
3197,,,,,,,,,,
3198,,,,,,,,,,
3199,,,,,,,,,,
3200,,,,,,,,,,
3201,,,,,,,,,,
3202,,,,,,,,,,
3203,,,,,,,,,,
3204,,,,,,,,,,
3205,,,1,,,,,,,
3206,,,1,,,,,,,
3207,,,1,,,,,,,
3208,,,1,,,,,,,
3209,,,1,,,,,,,
3210,,,1,,,,,,,
3211,,,1,,,,,,,
3212,,,1,,,,,,,
3213,,,1,,,,,,,
3214,,,1,,,,,,,
3215,,,1,,,,,,,
3216,,,1,,,,,,,
3217,,,1,,,,,,,
3218,,,1,,,,,,,
3219,,,1,,,,,,,
3220,,,,,,,,,,
3221,,,,,,,,,,
3222,,,,,,,,,,
3223,,,,,,,,,,
3224,,,,,,,,,,
3225,,,,,,,,,,
3226,,,,,,,,,,
3227,,,1,,,,,,,
3228,,,1,,,,,,,
3229,,,1,,,,,,,
3230,,,1,,,,,,,
3231,,,,,,,,,,
3232,,,,,,,,,,
3233,,,1,,,,,,,
3234,,,,,,,,,,
3235,,,,,,,,,,
3236,,,,,,,,,,
3237,,,1,,,,,,,
3238,,,1,,,,,,,
3239,,,1,,,,,,,
3240,,,1,,,,,,,
3241,,,1,,,,,,,
3242,,,1,,,,,,,
3243,,,1,,,,,,,
3244,,,1,,,,,,,
3245,,,1,,,,,,,
3246,,,1,,,,,,,
3247,,,1,,,,,,,
3248,,,1,,,,,,,
3249,,,1,,,,,,,
3250,,,1,,,,,,,
3251,,,1,,,,,,,
3252,,,1,,,,,,,
3253,,,,,,,,,,
3254,,,,,,,,,,
3255,,,,,,,,,,
3256,,,,,,,,,,
3257,,,,,,,,,,
3258,,,,,,,,,,
3259,,,,,,,,,,
3260,,,,,,,,,,
3261,,,,,,,,,,
3262,,,,,,,,,,
3263,,,,,,,,,,
3264,,,,,,,,,,
3265,,,,,,,,,,
3266,,,,,,,,,,
3267,,,,,,,,,,
3268,,,,,,,,,,
3269,,,,,,,,,,
3270,,,,,,,,,,
3271,,,,,,,,,,
3272,,,,,,,,,,
3273,,,,,,,,,,
3274,,,,,,,,,,
3275,,,,,,,,,,
3276,,,,,,,,,,
3277,,,,,,,,,,
3278,,,,,,,,,,
3279,,,,,,,,,,
3280,,,,,,,,,,
3281,,,,,,,,,,
3282,,,,,,,,,,
3283,,,,,,,,,,
3284,,,,,,,,,,
3285,,,,,,,,,,
3286,,,,,,,,,,
3287,,,,,,,,,,
3288,,,,,,,,,,
3289,,,,,,,,,,
3290,,,,,,,,,,
3291,,,,,,,,,,
3292,,,,,,,,,,
3293,,,,,,,,,,
3294,,,,,,,,,,
3295,,,,,,,,,,
3296,,,,,,,,,,
3297,,,,,,,,,,
3298,,,,,,,,,,
3299,,,,,,,,,,
3300,,,,,,,,,,
3301,,,,,,,,,,
3302,,,,,,,,,,
3303,,,,,,,,,,
3304,,,,,,,,,,
3305,,,,,,,,,,
3306,,,,,,,,,,
3307,,,,,,,,,,
3308,,,,,,,,,,
3309,,,,,,,,,,
3310,,,,,,,,,,
3311,,,,,,,,,,
3312,,,,,,,,,,
3313,,,,,,,,,,
3314,,,,,,,,,,
3315,,,,,,,,,,
3316,,,,,,,,,,
3317,,,,,,,,,,
3318,,,,,,,,,,
3319,,,,,,,,,,
3320,,,,,,,,,,
3321,,,,,,,,,,
3322,,,,,,,,,,
3323,,,,,,,,,,
3324,,,,,,,,,,
3325,,,,,,,,1,,
3326,,,,,,,,,1,
3327,,,,,,,,,1,
3328,,,,,,,,,1,
3329,,,,,,,,,1,
3330,,,,,,,,,1,
3331,,,,,,,,,1,
3332,,,,,,,,,1,
3333,,,,,,,,,1,
3334,,,,,,,,,1,
3335,,,,,,,,,1,
3336,,,,,,,,,1,
3337,,,,,,,,,1,
3338,,,,,,,,,1,
3339,,,,,,,,,1,
3340,,,,,,,,,1,
3341,,,,,,,,,1,
3342,,,,,,,,,1,
3343,,,,,,,,1,,
3344,,,,,,,,1,,
3345,,,,,,,,,1,
3346,,,,,,,,,1,
3347,,,,,,,,,1,
3348,,,,,,,,,1,
3349,,,,,,,,,1,
3350,,,,,,,,,1,
3351,,,,,,,,,1,
3352,,,,,,,,,1,
3353,,,,,,,,,1,
3354,,,,,,,,,1,
3355,,,,,,,,,1,
3356,,,,,,,,,1,
3357,,,,,,,,,1,
3358,,,,,,,,,1,
3359,,,,,,,,,1,
3360,,,,,,,,,1,
3361,,,,,,,,,1,
3362,,,,,,,,,1,
3363,,,,,,,,,1,
3364,,,,,,,,,1,
3365,,,,,,,,,1,
3366,,,,,,,,,1,
3367,,,,,,,,,1,
3368,,,,,,,,,1,
3369,,,,,,,,,1,
3370,,,,,,,,,1,
3371,,,,,,,,,1,
3372,,,,,,,,,1,
3373,,,,,,,,,1,
3374,,,,,,,,,1,
3375,,,,,,,,,1,
3376,,,,,,,,,1,
3377,,,,,,,,,1,
3378,,,,,,,,,1,
3379,,,,,,,,,1,
3380,,,,,,,,,1,
3381,,,,,,,,,1,
3382,,,,,,,,,1,
3383,,,,,,,,,1,
3384,,,,,,,,,1,
3385,,,,,,,,,1,
3386,,,,,,,,,1,
3387,,,,,,,,,1,
3388,,,,,,,,,1,
3389,,,,,,,,,1,
3390,,,,,,,,,1,
3391,,,,,,,,,1,
3392,,,,,,,,1,,
3393,,,,,,,,,1,
3394,,,,,,,,1,,
3395,,,,,,,,1,,
3396,,,,,,,,1,,
3397,,,,,,,,1,,
3398,,,,,,,,1,,
3399,,,,,,,,1,,
3400,,,,,,,,1,,
3401,,,,,,,,1,,
3402,,,,,,,,1,,
3403,,,,,,,,1,,
3404,,,,,,,,1,,
3405,,,,,,,,1,,
3406,,,,,,,,1,,
3407,,,,,,,,1,,
3408,,,,,,,,1,,
3409,,,,,,,,1,,
3410,,,,,,,,1,,
3411,,,,,,,,1,,
3412,,,,,,,,1,,
3413,,,,,,,,1,,
3414,,,,,,,,1,,
3415,,,,,,,,1,,
3416,,,,,,,,1,,
3417,,,,,,,,1,,
3418,,,,,,,,1,,
3419,,,,,,,,1,,
3420,,,,,,,,1,,
3421,,,,,,,,1,,
3422,,,,,,,,1,,
3423,,,,,,,,1,,
3424,,,,,,,,1,,
3425,,,,,,,,1,,
3426,,,,,,,,1,,
3427,,,,,,,,1,,
3428,,,,,,,,1,,
3429,,,,,,,,1,,
3430,,,,,,,,1,,
3431,,,,,,,,1,,
3432,,,,,,,,1,,
3433,,,,,,,,1,,
3434,,,,,,,,1,,
3435,,,,,,,,1,,
3436,,,,,,,,1,,
3437,,,,,,,,1,,
3438,,,,,,,,1,,
3439,,,,,,,,1,,
3440,,,,,,,,1,,
3441,,,,,,,,1,,
3442,,,,,,,,1,,
3443,,,,,,,,1,,
3444,,,,,,,,1,,
3445,,,,,,,,1,,
3446,,,,,,,,1,,
3447,,,,,,,,1,,
3448,,,,,,,,1,,
3449,,,,,,,,1,,
3450,,,,,,,,1,,
3451,,,,,,,,1,,
3452,,,,,,,,1,,
3453,,,,,,,,1,,
3454,,,,,,,,1,,
3455,,,,,,,,1,,
3456,,,,,,,,1,,
3457,,,,,,,,1,,
3458,,,,,,,,1,,
3459,,,,,,,,1,,
3460,,,,,,,,1,,
3461,,,,,,,,1,,
3462,,,,,,,,1,,
3463,,,,,,,,1,,
3464,,,,,,,,1,,
3465,,,,,,,,1,,
3466,,,,,,,,1,,
3467,,,,,,,,1,,
3468,,,,,,,,1,,
3469,,,,,,,,1,,
3470,,,,,,,,1,,
3471,,,,,,,,1,,
3472,,,,,,,,1,,
3473,,,,,,,,1,,
3474,,,,,,,,1,,
3475,,,,,,,,1,,
3476,,,,,,,,1,,
3477,,,,,,,,1,,
3478,,,,,,,,1,,
3479,,,,,,,,1,,
3480,,,,,,,,1,,
3481,,,,,,,,1,,
3482,,,,,,,,1,,
3483,,,,,,,,1,,
3484,,,,,,,,1,,
3485,,,,,,,,1,,
3486,,,,,,,,1,,
3487,,,,,,,,1,,
3488,,,,,,,,1,,
3489,,,,,,,,1,,
3490,,,,,,,,1,,
3491,,,,,,,,1,,
3492,,,,,,,,1,,
3493,,,,,,,,1,,
3494,,,,,,,,1,,
3495,,,,,,,,1,,
3496,,,,,,,,1,,
3497,,,,,,,,1,,
3498,,,,,,,,1,,
3499,,,,,,,,1,,
3500,,,,,,,,1,,
3501,,,,,,,,1,,
3502,,,,,,,,1,,
3503,,,,,,,,1,,
3504,,,,,,,,1,,
3505,,,,,,,,1,,
3506,,,,,,,,1,,
3507,,,,,,,,1,,
3508,,,,,,,,1,,
3509,,,,,,,,1,,
3510,,,,,,,,1,,
3511,,,,,,,,1,,
3512,,,,,,,,1,,
3513,,,,,,,,1,,
3514,,,,,,,,1,,
3515,,,,,,,,1,,
3516,,,,,,,,1,,
3517,,,,,,,,1,,
3518,,,,,,,,1,,
3519,,,,,,,,1,,
3520,,,,,,,,1,,
3521,,,,,,,,1,,
3522,,,,,,,,1,,
3523,,,,,,,,1,,
3524,,,,,,,,1,,
3525,,,,,,,,1,,
3526,,,,,,,,1,,
3527,,,,,,,,1,,
3528,,,,,,,,1,,
3529,,,,,,,,1,,
3530,,,,,,,,1,,
3531,,,,,,,,1,,
3532,,,,,,,,1,,
3533,,,,,,,,1,,
3534,,,,,,,,1,,
3535,,,,,,,,1,,
3536,,,,,,,,1,,
3537,,,,,,,,1,,
3538,,,,,,,,1,,
3539,,,,,,,,1,,
3540,,,,,,,,1,,
3541,,,,,,,,1,,
3542,,,,,,,,1,,
3543,,,,,,,,1,,
3544,,,,,,,,1,,
3545,,,,,,,,1,,
3546,,,,,,,,1,,
3547,,,,,,,,1,,
3548,,,,,,,,1,,
3549,,,,,,,,1,,
3550,,,,,,,,1,,
3551,,,,,,,,1,,
3552,,,,,,,,1,,
3553,,,,,,,,1,,
3554,,,,,,,,1,,
3555,,,,,,,,1,,
3556,,,,,,,,1,,
3557,,,,,,,,1,,
3558,,,,,,,,1,,
3559,,,,,,,,1,,
3560,,,,,,,,1,,
3561,,,,,,,,1,,
3562,,,,,,,,1,,
3563,,,,,,,,1,,
3564,,,,,,,,1,,
3565,,,,,,,,1,,
3566,,,,,,,,1,,
3567,,,,,,,,1,,
3568,,,,,,,,1,,
3569,,,,,,,,1,,
3570,,,,,,,,1,,
3571,,,,,,,,1,,
3572,,,,,,,,1,,
3573,,,,,,,,1,,
3574,,,,,,,,1,,
3575,,,,,,,,1,,
3576,,,,,,,,1,,
3577,,,,,,,,1,,
3578,,,,,,,,1,,
3579,,,,,,,,1,,
3580,,,,,,,,1,,
3581,,,,,,,,1,,
3582,,,,,,,,1,,
3583,,,,,,,,1,,
3584,,,,,,,,1,,
3585,,,,,,,,1,,
3586,,,,,,,,1,,
3587,,,,,,,,1,,
3588,,,,,,,,1,,
3589,,,,,,,,1,,
3590,,,,,,,,1,,
3591,,,,,,,,1,,
3592,,,,,,,,1,,
3593,,,,,,,,1,,
3594,,,,,,,,1,,
3595,,,,,,,,1,,
3596,,,,,,,,1,,
3597,,,,,,,,1,,
3598,,,,,,,,1,,
3599,,,,,,,,1,,
3600,,,,,,,,1,,
3601,,,,,,,,1,,
3602,,,,,,,,1,,
3603,,,,,,,,1,,
3604,,,,,,,,1,,
3605,,,,,,,,1,,
3606,,,,,,,,1,,
3607,,,,,,,,1,,
3608,,,,,,,,1,,
3609,,,,,,,,1,,
3610,,,,,,,,1,,
3611,,,,,,,,1,,
3612,,,,,,,,1,,
3613,,,,,,,,1,,
3614,,,,,,,,1,,
3615,,,,,,,,1,,
3616,,,,,,,,1,,
3617,,,,,,,,1,,
3618,,,,,,,,1,,
3619,,,,,,,,1,,
3620,,,,,,,,1,,
3621,,,,,,,,1,,
3622,,,,,,,,1,,
3623,,,,,,,,1,,
3624,,,,,,,,1,,
3625,,,,,,,,1,,
3626,,,,,,,,1,,
3627,,,,,,,,1,,
3628,,,,,,,,1,,
3629,,,,,,,,1,,
3630,,,,,,,,1,,
3631,,,,,,,,1,,
3632,,,,,,,,1,,
3633,,,,,,,,1,,
3634,,,,,,,,1,,
3635,,,,,,,,1,,
3636,,,,,,,,1,,
3637,,,,,,,,1,,
3638,,,,,,,,1,,
3639,,,,,,,,1,,
3640,,,,,,,,1,,
3641,,,,,,,,1,,
3642,,,,,,,,1,,
3643,,,,,,,,1,,
3644,,,,,,,,1,,
3645,,,,,,,,1,,
3646,,,,,,,,1,,
3647,,,,,,,,1,,
3648,,,,,,,,1,,
3649,,,,,,,,1,,
3650,,,,,,,,1,,
3651,,,,,,,,1,,
3652,,,,,,,,1,,
3653,,,,,,,,1,,
3654,,,,,,,,1,,
3655,,,,,,,,1,,
3656,,,,,,,,1,,
3657,,,,,,,,1,,
3658,,,,,,,,1,,
3659,,,,,,,,1,,
3660,,,,,,,,1,,
3661,,,,,,,,1,,
3662,,,,,,,,1,,
3663,,,,,,,,1,,
3664,,,,,,,,1,,
3665,,,,,,,,1,,
3666,,,,,,,,1,,
3667,,,,,,,,1,,
3668,,,,,,,,1,,
3669,,,,,,,,1,,
3670,,,,,,,,1,,
3671,,,,,,,,1,,
3672,,,,,,,,1,,
3673,,,,,,,,1,,
3674,,,,,,,,1,,
3675,,,,,,,,1,,
3676,,,,,,,,1,,
3677,,,,,,,,1,,
3678,,,,,,,,1,,
3679,,,,,,,,1,,
3680,,,,,,,,1,,
3681,,,,,,,,1,,
3682,,,,,,,,1,,
3683,,,,,,,,1,,
3684,,,,,,,,1,,
3685,,,,,,,,1,,
3686,,,,,,,,1,,
3687,,,,,,,,1,,
3688,,,,,,,,1,,
3689,,,,,,,,1,,
3690,,,,,,,,1,,
3691,,,,,,,,1,,
3692,,,,,,,,1,,
3693,,,,,,,,1,,
3694,,,,,,,,1,,
3695,,,,,,,,1,,
3696,,,,,,,,1,,
3697,,,,,,,,1,,
3698,,,,,,,,1,,
3699,,,,,,,,1,,
3700,,,,,,,,1,,
3701,,,,,,,,1,,
3702,,,,,,,,1,,
3703,,,,,,,,1,,
3704,,,,,,,,1,,
3705,,,,,,,,1,,
3706,,,,,,,,1,,
3707,,,,,,,,1,,
3708,,,,,,,,1,,
3709,,,,,,,,1,,
3710,,,,,,,,1,,
3711,,,,,,,,1,,
3712,,,,,,,,1,,
3713,,,,,,,,1,,
3714,,,,,,,,1,,
3715,,,,,,,,1,,
3716,,,,,,,,1,,
3717,,,,,,,,1,,
3718,,,,,,,,1,,
3719,,,,,,,,1,,
3720,,,,,,,,1,,
3721,,,,,,,,1,,
3722,,,,,,,,1,,
3723,,,,,,,,1,,
3724,,,,,,,,1,,
3725,,,,,,,,1,,
3726,,,,,,,,1,,
3727,,,,,,,,1,,
3728,,,,,,,,1,,
3729,,,,,,,,1,,
3730,,,,,,,,1,,
3731,,,,,,,,1,,
3732,,,,,,,,1,,
3733,,,,,,,,1,,
3734,,,,,,,,1,,
3735,,,,,,,,1,,
3736,,,,,,,,1,,
3737,,,,,,,,1,,
3738,,,,,,,,1,,
3739,,,,,,,,1,,
3740,,,,,,,,1,,
3741,,,,,,,,1,,
3742,,,,,,,,1,,
3743,,,,,,,,1,,
3744,,,,,,,,1,,
3745,,,,,,,,1,,
3746,,,,,,,,1,,
3747,,,,,,,,1,,
3748,,,,,,,,1,,
3749,,,,,,,,1,,
3750,,,,,,,,1,,
3751,,,,,,,,1,,
3752,,,,,,,,1,,
3753,,,,,,,,1,,
3754,,,,,,,,1,,
3755,,,,,,,,1,,
3756,,,,,,,,1,,
3757,,,,,,,,1,,
3758,,,,,,,,1,,
3759,,,,,,,,1,,
3760,,,,,,,,1,,
3761,,,,,,,,1,,
3762,,,,,,,,1,,
3763,,,,,,,,1,,
3764,,,,,,,,1,,
3765,,,,,,,,1,,
3766,,,,,,,,1,,
3767,,,,,,,,1,,
3768,,,,,,,,1,,
3769,,,,,,,,1,,
3770,,,,,,,,1,,
3771,,,,,,,,1,,
3772,,,,,,,,1,,
3773,,,,,,,,1,,
3774,,,,,,,,1,,
3775,,,,,,,,1,,
3776,,,,,,,,1,,
3777,,,,,,,,1,,
3778,,,,,,,,1,,
3779,,,,,,,,1,,
3780,,,,,,,,1,,
3781,,,,,,,,1,,
3782,,,,,,,,1,,
3783,,,,,,,,1,,
3784,,,,,,,,1,,
3785,,,,,,,,1,,
3786,,,,,,,,1,,
3787,,,,,,,,1,,
3788,,,,,,,,1,,
3789,,,,,,,,1,,
3790,,,,,,,,1,,
3791,,,,,,,,1,,
3792,,,,,,,,1,,
3793,,,,,,,,1,,
3794,,,,,,,,1,,
3795,,,,,,,,1,,
3796,,,,,,,,1,,
3797,,,,,,,,1,,
3798,,,,,,,,1,,
3799,,,,,,,,1,,
3800,,,,,,,,1,,
3801,,,,,,,,1,,
3802,,,,,,,,1,,
3803,,,,,,,,1,,
3804,,,,,,,,1,,
3805,,,,,,,,1,,
3806,,,,,,,,1,,
3807,,,,,,,,1,,
3808,,,,,,,,1,,
3809,,,,,,,,1,,
3810,,,,,,,,1,,
3811,,,,,,,,1,,
3812,,,,,,,,1,,
3813,,,,,,,,1,,
3814,,,,,,,,1,,
3815,,,,,,,,1,,
3816,,,,,,,,1,,
3817,,,,,,,,1,,
3818,,,,,,,,1,,
3819,,,,,,,,1,,
3820,,,,,,,,,1,
3821,,,,,,,,,1,
3822,,,,,,,,,1,
3823,,,,,,,,,1,
3824,,,,,,,,,1,
3825,,,,,,,,,1,
3826,,,,,,,,1,,
3827,,,,,,,,1,,
3828,,,,,,,,1,,
3829,,,,,,,,,1,
3830,,,,,,,,,1,
3831,,,,,,,,,1,
3832,,,,,,,,,1,
3833,,,,,,,,,1,
3834,,,,,,,,1,,
3835,,,,,,,,1,,
3836,,,,,,,,1,,
3837,,,,,,,,1,,
3838,,,,,,,,1,,
3839,,,,,,,,1,,
3840,,,,,,,,,,
